562.10015
562.100138
562.100002
562.100007
562.100034
562.100121
562.100145
562.100139
562.100159
562.100111
1438692.4
562.100106
562.10016
562.100178
562.100196
562.100202
562.100199
562.100191
562.100216
562.100235
562.100249
562.100262
562.100266
562.10028
562.100267
562.100275
562.100241
562.100293
562.100328
562.100309
562.100369
562.100361
562.100395
562.100386
562.100368
562.100378
562.100407
562.100446
562.100438
562.100424
562.100468
562.100511
562.10052
562.100507
562.100496
562.100464
562.100488
562.10053
562.10056
562.100524
562.100547
562.100528
562.10057
562.100613
562.100584
562.100586
562.100651
562.100635
562.100593
562.100582
562.100636
562.100684
562.100677
562.100664
562.100693
562.100704
562.10073
562.100719
562.100796
562.100811
562.100764
562.100735
562.100803
562.100817
562.100804
562.100807
562.100821
562.100766
562.100822
562.100837
562.100889
562.100833
562.100895
562.100839
562.100831
562.100845
562.100873
562.100957
562.100935
562.100901
562.11347
562.144157
562.144173
562.144202
562.144194
562.144181
562.144176
562.144184
562.144217
562.144191
562.144252
562.144288
562.144227
562.144318
562.144237
562.144282
562.144258
562.144324
562.144321
562.144326
562.144954
562.144961
562.144987
562.144991
562.144994
562.145028
562.145038
562.145041
562.145044
562.145046
562.145077
562.145065
562.145418
562.145425
562.145459
562.145491
562.145447
562.145513
562.145498
562.145446
562.145518
562.145525
562.145499
562.145527
562.145535
562.145564
562.145549
562.145606
562.145579
562.145618
562.145627
562.145598
562.145635
562.145612
562.145632
562.145587
562.145639
562.145646
562.145681
562.145664
562.145647
562.145685
562.145672
562.145683
562.145688
562.145714
562.145693
562.145702
562.145694
562.145724
562.145734
562.145735
562.145753
562.145797
562.145748
562.145755
562.145759
562.145781
562.145787
562.145777
562.145757
562.145804
562.145811
562.146213
562.146217
562.146235
562.146184
562.146243
562.146247
562.146164
562.146255
562.146288
562.146289
562.146276
562.146292
562.146296
562.146304
562.146347
562.146329
562.146324
562.146367
562.146414
562.146432
562.146453
562.146348
562.146465
562.146476
562.146472
562.146202
562.146501
562.146504
562.146506
562.146281
562.146528
562.146566
562.146567
562.146177
562.146168
562.146577
562.146578
562.146581
562.146589
562.146379
562.146485
562.146595
562.146503
562.146605
562.146606
562.146612
562.146655
562.146654
562.146191
562.146568
562.146673
562.146683
562.146689
562.146712
562.146511
562.146731
562.146757
562.146749
562.146759
562.146774
562.146776
562.146387
562.146809
562.146516
562.146807
562.146788
562.146821
562.146834
562.146388
562.146851
562.146867
562.147775
562.147776
562.147778
562.147798
562.147797
562.147852
562.147871
562.147893
562.147928
562.147992
562.146709
562.147997
562.146703
562.146706
562.148011
562.148015
562.147828
562.147823
562.148084
562.146823
562.146857
562.146651
562.148087
562.148094
562.148098
562.148102
562.147981
562.147944
562.147985
562.148031
562.148173
562.148187
562.148175
562.148039
562.148036
562.148041
562.148191
562.148206
562.148193
562.148224
562.148108
562.148222
562.148165
562.148228
562.148229
562.148052
562.148247
562.148249
562.148256
562.148261
562.148318
562.148124
562.148125
562.148138
562.148112
562.149306
562.149308
562.149319
562.149324
562.149347
562.149351
562.149378
562.149374
562.148283
562.148274
562.149333
562.149273
562.149271
562.148289
562.149413
562.149389
562.149441
562.148288
562.149276
562.149397
562.149402
562.149421
562.149426
562.149431
562.149435
562.149436
562.149754
562.149766
562.149773
562.149849
562.149833
562.149816
562.148287
562.149821
562.149809
562.149853
562.149286
562.149854
562.149866
562.149885
562.149873
562.149881
562.149912
562.149907
562.149891
562.149801
562.15103
562.149786
562.149956
562.149955
562.149923
562.149926
562.149932
562.15112
562.149964
562.149967
562.149977
562.15142
562.15125
562.149795
562.15122
562.15129
562.15146
562.15161
562.15133
562.15145
562.150003
562.15182
562.15179
562.15186
562.152594
562.15171
562.152572
562.15117
562.152595
562.152605
562.152597
562.152618
562.152644
562.152631
562.152615
562.152696
562.152711
562.152731
562.152723
562.152736
562.152741
562.152758
562.152763
562.152784
562.152793
562.152794
562.152802
562.152798
562.152689
562.152807
562.152809
562.152826
562.152829
562.152831
562.15205
562.15197
562.15209
562.152872
562.152879
562.152874
562.152881
562.152913
562.152917
562.152927
562.152924
562.152942
562.152951
562.15199
562.152961
562.15457
562.15459
562.15468
562.15469
562.16021
562.16229
562.152678
562.16252
562.16257
562.16279
562.15111
562.152668
562.16282
562.16294
562.16303
562.16337
562.16309
562.152839
562.16319
562.16349
562.152838
562.16399
562.16383
562.16375
562.16434
562.16437
562.16357
562.152966
562.16444
562.16463
562.16447
562.16471
562.16368
562.152968
562.16341
562.16485
562.17285
562.17286
562.17303
562.17297
562.16489
562.16479
562.16483
562.16494
562.17312
562.16414
562.17326
562.17324
562.17314
562.17328
562.17353
562.17346
562.16491
562.152939
562.17371
562.17382
562.17388
562.16493
562.17376
562.17401
562.17416
562.17425
562.17423
562.17365
562.17424
562.17462
562.17475
562.17461
562.17451
562.16501
562.17477
562.17488
562.17509
562.17512
562.17513
562.17535
562.17528
562.17523
562.17549
562.17555
562.17577
562.17563
562.17586
562.17572
562.17596
562.17432
562.17436
562.17601
562.17603
562.17446
562.17615
562.17643
562.17647
562.17661
562.17694
562.17674
562.17668
562.17685
562.17687
562.17689
562.17625
562.17696
562.17713
562.17704
562.17707
562.17728
562.17731
562.17739
562.17741
562.17742
562.17744
562.17746
562.17745
562.17752
562.18673
562.18672
562.18666
562.18687
562.18676
562.17619
562.18693
562.18699
562.18704
562.18707
562.18716
562.18713
562.18743
562.18719
562.18715
562.18776
562.18769
562.18762
562.18754
562.18789
562.18778
562.18796
562.18816
562.18823
562.18786
562.18868
562.18874
562.18871
562.18896
562.18892
562.18851
562.18884
562.18917
562.18912
562.18936
562.18938
562.18937
562.18947
562.18991
562.18977
562.19003
562.18948
562.19083
562.19084
562.19085
562.19023
562.19089
562.19093
562.19094
562.19055
562.19038
562.19036
562.19102
562.17737
562.19137
562.19026
562.19122
562.19141
562.19143
562.19181
562.19189
562.19057
562.19186
562.19194
562.19185
562.19245
562.19227
562.19224
562.19074
562.19246
562.19296
562.19249
562.19274
562.19263
562.19305
562.19297
562.19306
562.19311
562.19313
562.19309
562.19325
562.17711
562.19355
562.19361
562.19368
562.19344
562.22462
562.22484
562.22451
562.22477
562.22498
562.22491
562.22518
562.22505
562.22525
562.22544
562.22578
562.22545
562.22548
562.19321
562.22568
562.22586
562.22614
562.22627
562.22629
562.22636
562.22643
562.22634
562.22658
562.22661
562.22707
562.22678
562.22724
562.19158
562.22715
562.22718
562.22716
562.19207
562.22727
562.22728
562.22745
562.22755
562.22764
562.22809
562.22769
562.22765
562.22806
562.22794
562.22771
562.22803
562.22812
562.22821
562.22872
562.22873
562.22426
562.22921
562.2288
562.22929
562.22965
562.22969
562.22948
562.22972
562.22974
562.22975
562.22996
562.22981
562.23013
562.23011
562.23002
562.23021
562.23016
562.23055
562.23053
562.23027
562.23056
562.23078
562.23065
562.23082
562.23091
562.2311
562.23087
562.23095
562.23094
562.23126
562.23151
562.23115
562.23166
562.23222
562.23196
562.23214
562.23225
562.23229
562.23278
562.23283
562.23241
562.23262
562.23227
562.23313
562.23309
562.23355
562.23321
562.23375
562.23395
562.23435
562.23405
562.23493
562.23459
562.23403
562.23475
562.23499
562.23503
562.23502
562.23507
562.23515
562.23512
562.23519
562.23536
562.23572
562.23592
562.23548
562.23565
562.23576
562.23594
562.23597
562.23602
562.23631
562.23709
562.23622
562.23628
562.23651
562.23746
562.23753
562.23701
562.23751
562.23765
562.23786
562.23776
562.23808
562.23826
562.23792
562.23856
562.23804
562.23858
562.23898
562.23901
562.23909
562.23908
562.23917
562.42846
562.42823
562.42868
562.42842
562.56905
562.56802
562.56838
562.56837
562.56772
562.42856
562.56911
562.56913
562.56918
562.56916
562.57085
562.57084
562.57135
562.57077
562.57118
562.57089
562.57136
562.57131
562.57159
562.57163
562.57173
562.57148
562.57243
562.57178
562.57196
562.57264
562.57247
562.57203
562.57205
562.57227
562.57281
562.57287
562.57294
562.57308
562.57324
562.57371
562.57391
562.57409
562.57304
562.57322
562.57417
562.57382
562.57419
562.57438
562.57452
562.57479
562.57465
562.57483
562.57462
562.57485
562.57498
562.57506
562.57499
562.58704
562.58713
562.65791
562.58727
562.58762
562.58766
562.96444
562.96458
562.96441
562.96457
562.96474
562.96465
562.96466
562.96542
562.96508
562.96485
562.96521
562.96563
562.96558
562.96559
562.96572
562.96568
562.96578
562.96589
562.96581
562.96609
562.96596
562.96598
562.96629
562.96733
562.96645
562.96669
562.96697
562.96751
562.96762
562.96776
562.96691
562.96784
562.96781
562.96793
562.96809
562.96829
562.34085
562.96828
562.96811
562.96863
562.96891
562.96936
562.96909
562.96907
562.96894
562.96948
562.96968
562.96956
562.96973
562.96939
562.96985
562.96984
562.97012
562.96993
562.97046
562.97009
562.97028
562.97035
562.96994
562.96998
562.96997
562.97054
562.97074
562.97085
562.97091
562.97095
562.97078
562.97136
562.97175
562.97162
562.97185
562.97196
562.97191
562.97202
562.97237
562.97213
562.97227
562.97255
562.97254
562.97247
562.97284
562.97285
562.97327
562.97289
562.97339
562.97307
562.97377
562.97332
562.97404
562.97397
562.97412
562.9743
562.97468
562.97467
562.9749
562.97938
562.97476
562.97498
562.98043
562.97484
562.97946
562.97997
562.98058
562.97944
562.98022
562.9808
562.98086
562.98069
562.98072
562.98149
562.9818
562.98097
562.98217
562.98173
562.98215
562.98218
562.98181
562.98175
562.98261
562.98246
562.98265
562.98317
562.98231
562.98272
562.98264
562.98325
562.98286
562.98316
562.98354
562.98347
562.98376
562.98394
562.98361
562.98438
562.9844
562.98409
562.98464
562.98408
562.98465
562.98455
562.98469
562.98481
562.98466
562.9849
562.98488
562.98474
562.9851
562.98498
562.98502
562.98516
562.98509
562.98512
562.98532
562.98513
562.98534
562.98545
562.9856
562.98594
562.98609
562.98596
562.98533
562.98535
562.98639
562.98653
562.98693
562.98655
562.98721
562.98672
562.98697
562.9875
562.9873
562.98765
562.98733
562.98751
562.98769
562.98787
562.98778
562.98789
562.98788
562.98797
562.98779
562.98801
562.98804
562.98822
562.98821
562.98849
562.98859
562.98836
562.98837
562.98861
562.98865
562.98887
562.98893
562.98896
562.9891
562.98969
562.98922
562.98992
562.98945
562.98966
562.99039
562.98986
562.99015
562.99012
562.99061
562.99068
562.99064
562.99118
562.99117
562.99052
562.99074
562.99154
562.9889
562.99175
562.99178
562.99186
562.99195
562.99268
562.9929
562.99207
562.99254
562.99235
562.99225
562.99244
562.99203
562.99286
562.99296
562.99343
562.99322
562.9934
562.99323
562.99335
562.99361
562.99413
562.99359
562.99436
562.99457
562.99469
562.99443
562.99534
562.9951
562.99484
562.9952
562.99493
562.99526
562.99532
562.99558
562.99486
562.99547
562.99559
562.9959
562.99609
562.99552
562.99571
562.99614
562.9963
562.9964
562.99665
562.99657
562.99648
562.99596
562.99703
562.99693
562.99687
562.99707
562.99677
562.99725
562.99747
562.99729
562.9973
562.99732
562.99715
562.99712
562.99756
562.9977
562.99821
562.99791
562.99785
562.99775
562.99833
562.99838
562.99829
562.99842
562.9985
562.99811
562.99845
562.9986
562.99823
562.99852
562.99879
562.99892
562.99874
562.99899
562.99877
562.99885
562.99914
562.9995
562.99916
562.99968
562.99973
562.99997
562.99962
