562.100109
562.100082
562.100076
562.100072
562.100169
562.100172
562.100146
562.100128
562.100187
562.100078
1438693.3
562.10023
562.10025
562.100218
562.100197
562.100221
562.100225
562.100257
562.100287
562.100291
562.100304
562.10034
562.100327
562.100335
562.100322
562.100348
562.100365
562.100363
562.100392
562.100409
562.100379
562.100435
562.100397
562.100396
562.100437
562.100444
562.100447
562.10049
562.100485
562.100449
562.100489
562.100512
562.100471
562.10055
562.100491
562.100526
562.100542
562.100556
562.100565
562.100557
562.100568
562.100569
562.100574
562.100608
562.100622
562.100623
562.100654
562.100648
562.100665
562.100695
562.100678
562.100705
562.100699
562.10006
562.100721
562.100741
562.100744
562.100756
562.100792
562.100789
562.100753
562.100777
562.100776
562.100842
562.100802
562.100846
562.100843
562.100826
562.100909
562.100853
562.100953
562.144195
562.144231
562.100934
562.100923
562.144206
562.144208
562.144201
562.144223
562.144248
562.144232
562.144257
562.144947
562.144281
562.144283
562.144293
562.144259
562.144294
562.144972
562.144945
562.144322
562.144981
562.144976
562.144995
562.144998
562.145043
562.145054
562.145009
562.145053
562.144997
562.145012
562.145034
562.145063
562.145079
562.145081
562.145437
562.145436
562.145435
562.145431
562.145421
562.145438
562.145424
562.145439
562.145441
562.145444
562.145458
562.145451
562.145457
562.145473
562.145483
562.145476
562.145492
562.145475
562.145478
562.145489
562.145503
562.145506
562.145508
562.145519
562.145536
562.145515
562.145526
562.145538
562.145548
562.145541
562.145545
562.145561
562.145542
562.145568
562.145574
562.145582
562.145603
562.145591
562.145626
562.145602
562.145636
562.145577
562.145648
562.145658
562.145651
562.145654
562.145661
562.145666
562.145682
562.145667
562.145668
562.145675
562.145673
562.145696
562.145699
562.145718
562.145725
562.145719
562.145765
562.145785
562.145711
562.145726
562.145803
562.145793
562.145818
562.146162
562.146172
562.146219
562.146196
562.146201
562.146222
562.146225
562.146226
562.146238
562.146245
562.146239
562.146248
562.146241
562.146173
562.146252
562.146262
562.146308
562.146317
562.146271
562.146328
562.146334
562.146345
562.146357
562.146361
562.114673
562.146376
562.146397
562.146395
562.146407
562.146419
562.146423
562.146206
562.146422
562.146426
562.146456
562.146444
562.146461
562.146459
562.146204
562.146462
562.146477
562.146463
562.146492
562.146498
562.146521
562.146283
562.146524
562.146527
562.146529
562.146531
562.146546
562.146287
562.146342
562.146544
562.146561
562.146539
562.146351
562.146565
562.146587
562.146564
562.146593
562.146613
562.146607
562.146616
562.146633
562.146623
562.146181
562.146663
562.146659
562.146664
562.146645
562.146675
562.146653
562.146679
562.146517
562.146725
562.146728
562.146726
562.146734
562.146619
562.146741
562.146804
562.146745
562.146828
562.146826
562.146839
562.146837
562.146382
562.146829
562.146842
562.146843
562.146847
562.146852
562.146865
562.147771
562.147783
562.147782
562.147801
562.147812
562.147813
562.147817
562.146845
562.146518
562.147851
562.147854
562.146696
562.147862
562.147865
562.147869
562.147876
562.147877
562.147866
562.147878
562.147894
562.146827
562.147906
562.147908
562.147917
562.147923
562.146697
562.147924
562.147949
562.147952
562.147821
562.147946
562.148001
562.148005
562.148009
562.147843
562.147836
562.146858
562.148013
562.147832
562.148007
562.147937
562.147986
562.148029
562.147991
562.148042
562.148066
562.148078
562.148043
562.148056
562.148079
562.148081
562.148051
562.148057
562.148083
562.148095
562.148092
562.148101
562.148068
562.148054
562.148172
562.148153
562.148183
562.148185
562.148181
562.148189
562.148188
562.148196
562.148197
562.147939
562.148199
562.148073
562.148198
562.148207
562.148209
562.148214
562.148211
562.148231
562.148237
562.148234
562.148244
562.148109
562.148253
562.148072
562.148293
562.148262
562.148298
562.148302
562.148321
562.148162
562.148316
562.149246
562.149262
562.148135
562.149256
562.149265
562.148141
562.148143
562.149317
562.149307
562.149315
562.149321
562.149325
562.149348
562.148285
562.149368
562.148279
562.148264
562.149373
562.149362
562.149376
562.149283
562.149377
562.149285
562.149303
562.149382
562.149388
562.149386
562.149411
562.149403
562.149416
562.149753
562.149375
562.149294
562.149769
562.149341
562.149344
562.149799
562.149828
562.149771
562.149834
562.149836
562.149279
562.149815
562.149813
562.149843
562.149862
562.149867
562.149889
562.149893
562.149895
562.149906
562.149903
562.149908
562.149924
562.149937
562.149405
562.149406
562.15132
562.15134
562.149945
562.15136
562.15141
562.149928
562.15148
562.149968
562.15144
562.149965
562.149973
562.15154
562.149984
562.149983
562.15172
562.15175
562.15183
562.15167
562.149996
562.149922
562.152574
562.152575
562.150001
562.150004
562.152583
562.152585
562.15181
562.152596
562.152598
562.152604
562.152616
562.152622
562.152612
562.152623
562.152633
562.152646
562.152638
562.152716
562.152715
562.152713
562.152724
562.152727
562.152735
562.152743
562.15201
562.152751
562.15191
562.152756
562.15208
562.152698
562.152757
562.152769
562.15206
562.152771
562.152781
562.152795
562.152796
562.152797
562.152803
562.152812
562.152806
562.152821
562.152823
562.152825
562.152828
562.15283
562.152653
562.15285
562.152855
562.152862
562.152854
562.152693
562.152847
562.152857
562.15192
562.152863
562.152865
562.152869
562.152877
562.152864
562.152885
562.152893
562.152891
562.152898
562.152905
562.152918
562.152919
562.152935
562.152943
562.152946
562.152956
562.152959
562.152963
562.15461
562.15465
562.16234
562.16235
562.16237
562.16241
562.152768
562.16247
562.16253
562.152667
562.16265
562.16276
562.16291
562.16334
562.152837
562.16339
562.16305
562.16343
562.16314
562.16347
562.16311
562.152843
562.16374
562.16398
562.16379
562.16387
562.16417
562.16423
562.16432
562.16446
562.17278
562.17288
562.17289
562.17291
562.17308
562.17323
562.17337
562.17342
562.17345
562.17351
562.17343
562.16484
562.17378
562.16488
562.17399
562.17398
562.17406
562.17404
562.17407
562.16372
562.17413
562.17419
562.17439
562.17466
562.17435
562.17467
562.17469
562.17493
562.17471
562.17511
562.17508
562.17524
562.17536
562.17529
562.17544
562.17553
562.17557
562.17274
562.17564
562.16428
562.17561
562.17567
562.17574
562.17581
562.17584
562.17593
562.17602
562.17604
562.17607
562.17614
562.17605
562.16324
562.17657
562.17662
562.17645
562.152938
562.17631
562.17673
562.17675
562.17695
562.17714
562.17683
562.17691
562.17719
562.17716
562.17723
562.17276
562.17753
562.18669
562.17726
562.18691
562.18677
562.18702
562.18701
562.18692
562.18718
562.18717
562.18725
562.18737
562.18741
562.18756
562.18764
562.18771
562.18775
562.18774
562.17613
562.18779
562.18781
562.18784
562.18799
562.18809
562.18803
562.18808
562.18815
562.18846
562.18859
562.18831
562.18865
562.18849
562.18843
562.18864
562.18873
562.18866
562.18876
562.18885
562.18898
562.18922
562.18923
562.18887
562.18925
562.18935
562.18934
562.18986
562.18971
562.18962
562.18955
562.19101
562.19098
562.19105
562.17721
562.19106
562.19039
562.19121
562.19117
562.19052
562.19133
562.19135
562.19075
562.19053
562.19146
562.19155
562.19166
562.19168
562.19062
562.19182
562.19157
562.19127
562.19197
562.19032
562.19013
562.19217
562.19218
562.19219
562.19251
562.19264
562.19237
562.19267
562.19277
562.19276
562.19278
562.19282
562.19289
562.19298
562.19302
562.19303
562.19316
562.19334
562.19177
562.19353
562.19338
562.19366
562.22439
562.22442
562.22441
562.22452
562.22446
562.22472
562.22476
562.22479
562.22549
562.22503
562.22554
562.22561
562.22584
562.22579
562.22602
562.22588
562.22623
562.22641
562.19351
562.22625
562.22638
562.22649
562.22679
562.22698
562.22668
562.22696
562.22712
562.19211
562.22719
562.22758
562.22738
562.22725
562.22753
562.22875
562.22791
562.22819
562.22815
562.19209
562.22913
562.2294
562.22916
562.22937
562.22924
562.22978
562.2299
562.22938
562.23026
562.23033
562.23018
562.23068
562.23036
562.23074
562.23086
562.23075
562.23092
562.23112
562.2314
562.23118
562.23132
562.23154
562.23177
562.23161
562.23169
562.23185
562.23204
562.23197
562.23207
562.23209
562.23217
562.23239
562.23219
562.23258
562.23265
562.23281
562.23257
562.23315
562.23329
562.23335
562.23336
562.23348
562.23368
562.23367
562.23361
562.23371
562.23397
562.23436
562.23379
562.23428
562.23449
562.23447
562.23462
562.23442
562.23455
562.23474
562.23486
562.23489
562.23541
562.23506
562.23562
562.23595
562.23593
562.23612
562.23599
562.23641
562.23639
562.23604
562.23637
562.23647
562.23663
562.23655
562.23675
562.23661
562.23695
562.23719
562.23771
562.23756
562.23716
562.23743
562.23722
562.23844
562.23796
562.23832
562.23806
562.23866
562.23851
562.23852
562.23876
562.23879
562.23914
562.23883
562.23924
562.23925
562.23936
562.50308
562.56771
562.42841
562.42829
562.42836
562.56789
562.56808
562.56806
562.56816
562.56841
562.56823
562.56821
562.56842
562.56844
562.56839
562.56845
562.56863
562.56865
562.56872
562.56879
562.56861
562.56788
562.56847
562.56884
562.56907
562.56899
562.56909
562.56917
562.57102
562.57115
562.57122
562.57081
562.57087
562.57145
562.57134
562.57132
562.57137
562.57202
562.57152
562.57214
562.57218
562.57223
562.57249
562.57245
562.57259
562.57268
562.57277
562.57293
562.57327
562.57366
562.57374
562.30362
562.57367
562.57376
562.57325
562.57396
562.57395
562.57407
562.57437
562.57435
562.57459
562.28434
562.57486
562.57509
562.57493
562.57478
562.58715
562.58716
562.58753
562.58718
562.34089
562.58773
562.58765
562.58774
562.58792
562.65806
562.58789
562.65814
562.65819
562.96431
562.65818
562.96448
562.96502
562.96455
562.96478
562.96495
562.96462
562.96494
562.96522
562.96538
562.96507
562.57378
562.96561
562.96627
562.96643
562.96604
562.96607
562.96657
562.96671
562.96726
562.96744
562.96678
562.96752
562.96672
562.96763
562.96681
562.96814
562.96767
562.96929
562.96772
562.96839
562.5745
562.96827
562.96946
562.96941
562.96897
562.96892
562.96933
562.96952
562.96977
562.97014
562.96982
562.97027
562.96999
562.97029
562.97048
562.97036
562.97073
562.97067
562.97076
562.97109
562.97121
562.97089
562.97111
562.97114
562.97167
562.97201
562.97104
562.97133
562.97232
562.97209
562.97234
562.97242
562.97245
562.97251
562.97258
562.97259
562.97265
562.97271
562.97288
562.97295
562.97342
562.97308
562.97291
562.97387
562.97382
562.97357
562.97352
562.97432
562.97426
562.97416
562.97381
562.97458
562.97459
562.9745
562.97941
562.97449
562.97495
562.9799
562.97466
562.97943
562.97993
562.97994
562.97996
562.9806
562.98036
562.98024
562.98028
562.9809
562.98092
562.97999
562.98077
562.98078
562.98099
562.98094
562.98098
562.98134
562.98119
562.98131
562.98106
562.98154
562.98179
562.98161
562.98169
562.98188
562.98187
562.98204
562.98199
562.9822
562.98214
562.98228
562.98207
562.98235
562.98249
562.98244
562.98252
562.98255
562.9828
562.98266
562.98287
562.98274
562.98281
562.98259
562.98282
562.98348
562.98312
562.98335
562.98304
562.98351
562.98403
562.98429
562.98367
562.98412
562.98442
562.98418
562.98431
562.98467
562.98487
562.98468
562.98492
562.98491
562.98524
562.98485
562.98525
562.98504
562.98553
562.98541
562.98547
562.98588
562.98582
562.98575
562.98589
562.98645
562.98633
562.98651
562.98675
562.98691
562.98637
562.98677
562.98698
562.98713
562.98665
562.98709
562.98766
562.98793
562.98768
562.98808
562.98771
562.98817
562.98828
562.98856
562.98834
562.98863
562.98833
562.98866
562.98889
562.98885
562.9897
562.98938
562.98975
562.98967
562.98965
562.98996
562.98991
562.98988
562.99008
562.99038
562.98976
562.99042
562.99043
562.99069
562.99035
562.99051
562.99062
562.99067
562.99081
562.99105
562.99136
562.99087
562.99194
562.99183
562.99089
562.99164
562.99197
562.99162
562.99196
562.99208
562.99209
562.99212
562.9923
562.99211
562.99213
562.99287
562.99237
562.99253
562.99289
562.99256
562.99311
562.99274
562.99319
562.99336
562.99356
562.99386
562.99333
562.99312
562.99409
562.99348
562.9935
562.99399
562.99421
562.99412
562.99419
562.99487
562.99471
562.99482
562.99455
562.99426
562.99551
562.99561
562.99515
562.99546
562.99567
562.99593
562.99591
562.99672
562.99635
562.99686
562.99631
562.99606
562.99616
562.99685
562.99697
562.99683
562.99698
562.99699
562.99701
562.99737
562.99718
562.99741
562.99742
562.99751
562.99758
562.9981
562.99755
562.9978
562.99804
562.99826
562.9988
562.99863
562.99844
562.99843
562.99858
562.99928
562.99909
562.99918
562.99943
562.99959
562.99966
562.99977
562.9999
562.99972
562.99974
