562.10004
562.10003
562.100056
1438687.3
562.100014
1438691.3
562.100053
562.100008
1438686.3
562.100079
562.100041
1438694.3
562.100086
562.100095
562.100118
562.10014
562.100158
562.100113
562.100154
562.100167
562.100119
562.100117
562.100099
562.100127
562.100152
562.100174
562.10027
562.100168
562.100223
562.100222
562.10026
562.100214
562.100239
562.100269
562.100281
562.100271
562.100337
562.100307
562.100357
562.100312
562.100339
562.100376
562.100372
562.100351
562.100315
562.100384
562.100416
562.100439
562.100423
562.100422
562.100462
562.100428
562.100436
562.100442
562.100469
562.100472
562.100479
562.100441
562.100486
562.100509
562.100504
562.100515
562.100518
562.100533
562.100543
562.100541
562.100517
562.100549
562.100564
562.100602
562.100596
562.100604
562.100605
562.100614
562.10063
562.10064
562.100615
562.100624
562.100628
562.100641
562.100643
562.100655
562.100645
562.10066
562.100668
562.100659
562.10069
562.100671
562.100676
562.100707
562.100685
562.100724
562.100715
562.100726
562.10078
562.100755
562.100731
562.100769
562.100759
562.100763
562.100781
562.100787
562.10081
562.100791
562.100809
562.10082
562.100793
562.100799
562.100794
562.100824
562.100838
562.100825
562.100859
562.100828
562.100849
562.100848
562.100868
562.100856
562.100863
562.100866
562.100869
562.100892
562.100914
562.100937
562.100883
562.100905
562.100896
562.100946
562.100921
562.100922
562.100938
562.100961
562.100955
562.100963
562.11463
562.11349
562.144158
562.11557
562.144152
562.144161
562.144159
562.144168
562.144162
562.144171
562.144169
562.144197
562.144177
562.144204
562.144199
562.144213
562.144215
562.144225
562.144246
562.144265
562.144305
562.144207
562.144216
562.144328
562.144331
562.144964
562.144333
562.145018
562.145011
562.144979
562.145019
562.144971
562.145035
562.145051
562.145059
562.145024
562.145076
562.145062
562.145419
562.145443
562.145428
562.145423
562.145432
562.145449
562.145472
562.145455
562.145462
562.145463
562.145487
562.145494
562.145501
562.145479
562.145511
562.145523
562.145534
562.145533
562.145512
562.145528
562.145537
562.145551
562.145539
562.114625
562.145553
562.145552
562.145556
562.145571
562.145562
562.145566
562.145575
562.145604
562.145599
562.145617
562.145623
562.145584
562.145641
562.145625
562.145669
562.145698
562.145689
562.145697
562.145708
562.145712
562.145723
562.145742
562.145754
562.145791
562.145756
562.145782
562.145786
562.145773
562.145768
562.145809
562.145799
562.146195
562.145813
562.146216
562.146215
562.146244
562.146246
562.146231
562.146259
562.146253
562.146266
562.146267
562.146279
562.146298
562.146299
562.146303
562.146311
562.146327
562.146341
562.146337
562.146346
562.146365
562.146359
562.146366
562.146185
562.146372
562.146375
562.146374
562.146396
562.146406
562.146203
562.146277
562.146408
562.146416
562.146208
562.146427
562.146413
562.146189
562.146466
562.146435
562.146436
562.146278
562.146458
562.146469
562.146479
562.146496
562.146331
562.146481
562.146537
562.146542
562.146182
562.146302
562.146543
562.146551
562.146554
562.146574
562.146548
562.146594
562.146617
562.146604
562.146389
562.146626
562.146637
562.146642
562.146643
562.146658
562.146657
562.146671
562.146667
562.146688
562.146692
562.146715
562.146737
562.146746
562.146761
562.146768
562.146747
562.146684
562.146771
562.146784
562.146782
562.146781
562.146786
562.146795
562.146787
562.146796
562.146392
562.146816
562.146483
562.146822
562.146825
562.146841
562.146844
562.146855
562.146859
562.146863
562.146515
562.147779
562.147781
562.147786
562.147787
562.147794
562.147795
562.147846
562.147849
562.147799
562.146682
562.147859
562.146772
562.147863
562.147882
562.147883
562.147886
562.146801
562.147888
562.146702
562.146797
562.147889
562.147922
562.147929
562.147925
562.147934
562.147973
562.147994
562.147999
562.146802
562.148014
562.148003
562.148016
562.148017
562.146803
562.148088
562.148103
562.148104
562.148106
562.147942
562.147975
562.147941
562.148069
562.147984
562.148027
562.148048
562.148032
562.148171
562.148055
562.148195
562.148179
562.148033
562.148208
562.148213
562.148216
562.148219
562.148227
562.148294
562.148258
562.148303
562.148311
562.148119
562.148111
562.149255
562.149264
562.148163
562.148148
562.147902
562.149302
562.148127
562.149291
562.149311
562.148113
562.149338
562.148134
562.149346
562.149349
562.149353
562.149356
562.149371
562.149393
562.149396
562.149409
562.149419
562.149429
562.149427
562.149443
562.149432
562.149764
562.149775
562.149776
562.149777
562.149267
562.149278
562.149778
562.148275
562.149835
562.149797
562.149841
562.149808
562.149864
562.149335
562.149871
562.149872
562.149884
562.149332
562.149288
562.149883
562.149339
562.149886
562.149887
562.149911
562.149892
562.149914
562.15101
562.149957
562.15113
562.15143
562.15165
562.15177
562.15187
562.149794
562.149927
562.149931
562.149921
562.149953
562.149796
562.149951
562.149959
562.152578
562.149991
562.152579
562.152587
562.152593
562.152599
562.152581
562.149787
562.152635
562.152608
562.152634
562.152647
562.152674
562.152649
562.152728
562.152734
562.152746
562.152749
562.152747
562.152752
562.152759
562.152766
562.152765
562.15202
562.152799
562.152789
562.15281
562.15282
562.15195
562.152849
562.152852
562.152834
562.15286
562.152871
562.15287
562.152875
562.152876
562.152902
562.15284
562.152922
562.152568
562.152953
562.152949
562.152934
562.152957
562.152916
562.15467
562.16236
562.15386
562.16239
562.16228
562.16251
562.16255
562.16267
562.152685
562.152677
562.16268
562.16292
562.16274
562.152654
562.152651
562.16317
562.16351
562.16332
562.16335
562.16381
562.16376
562.16401
562.16391
562.16402
562.16403
562.16422
562.16407
562.16408
562.16425
562.16456
562.16476
562.17281
562.17302
562.17283
562.17301
562.17305
562.17309
562.17313
562.17321
562.17322
562.17327
562.152836
562.17333
562.17335
562.17352
562.17349
562.16325
562.16482
562.17392
562.17415
562.17411
562.17403
562.16326
562.17414
562.17418
562.17457
562.16327
562.17447
562.17458
562.17421
562.17437
562.17468
562.17483
562.17494
562.17484
562.17489
562.17506
562.16487
562.17495
562.17516
562.17517
562.16323
562.17525
562.17569
562.17539
562.17527
562.17534
562.17444
562.17579
562.17588
562.17548
562.17583
562.17595
562.17618
562.17617
562.17624
562.17636
562.17637
562.17655
562.17656
562.17654
562.17681
562.17676
562.17697
562.17698
562.17715
562.17708
562.17568
562.17703
562.17733
562.18679
562.18674
562.17359
562.18683
562.18681
562.18697
562.18684
562.18703
562.18706
562.18711
562.18712
562.18733
562.18723
562.18747
562.18758
562.18753
562.18748
562.18761
562.18765
562.18777
562.18782
562.18829
562.18788
562.18821
562.18857
562.18824
562.18848
562.18863
562.18861
562.18869
562.18875
562.18878
562.18872
562.18881
562.18895
562.18882
562.18893
562.18902
562.17621
562.18916
562.17622
562.18942
562.18943
562.18924
562.18946
562.18983
562.18958
562.19005
562.19043
562.19007
562.17722
562.19091
562.19113
562.19072
562.19111
562.19033
562.19028
562.19114
562.19116
562.19065
562.19144
562.19162
562.19045
562.19163
562.19183
562.18997
562.19008
562.19198
562.18998
562.19225
562.19232
562.19178
562.19235
562.19238
562.19252
562.19256
562.19281
562.19288
562.19322
562.19329
562.19129
562.19176
562.19331
562.19341
562.19336
562.19335
562.19131
562.19174
562.19354
562.19087
562.19193
562.19202
562.19192
562.19363
562.19208
562.22432
562.22428
562.22433
562.19324
562.22434
562.22515
562.22474
562.22444
562.22526
562.22528
562.22532
562.22533
562.22565
562.22608
562.22582
562.22576
562.22604
562.22611
562.22613
562.22615
562.22621
562.22652
562.22647
562.22676
562.22657
562.22631
562.22671
562.22713
562.22706
562.22714
562.22774
562.22778
562.22782
562.22785
562.22792
562.22788
562.22797
562.22793
562.22811
562.22814
562.22816
562.22827
562.2292
562.22936
562.22931
562.22934
562.22919
562.22941
562.22946
562.22947
562.22955
562.22952
562.22963
562.22966
562.22971
562.22959
562.22953
562.22982
562.22999
562.22967
562.22973
562.22998
562.23004
562.23023
562.23049
562.23008
562.23054
562.23057
562.23034
562.23035
562.23038
562.23045
562.23058
562.23066
562.23084
562.23102
562.23131
562.23111
562.23127
562.23145
562.23133
562.23157
562.23136
562.23171
562.23156
562.23172
562.23174
562.23187
562.23237
562.23191
562.23224
562.23259
562.23251
562.23254
562.23288
562.23274
562.23271
562.23294
562.23297
562.23325
562.23318
562.23345
562.23337
562.23354
562.23358
562.23342
562.23376
562.23385
562.23344
562.23381
562.23387
562.23386
562.23399
562.23401
562.23418
562.23417
562.23409
562.23446
562.23429
562.23461
562.23466
562.23464
562.23496
562.23488
562.23497
562.23501
562.23498
562.23534
562.23555
562.23539
562.23546
562.23549
562.23537
562.23567
562.23571
562.23569
562.23577
562.23586
562.23587
562.23621
562.23649
562.23634
562.23613
562.23624
562.23656
562.23662
562.23664
562.23692
562.23674
562.23704
562.23714
562.23749
562.23774
562.23732
562.23755
562.23763
562.23769
562.23768
562.23791
562.23793
562.23795
562.23822
562.23812
562.23821
562.23862
562.23823
562.23886
562.23867
562.23863
562.23921
562.42826
562.56784
562.42845
562.42852
562.42853
562.42831
562.56779
562.56786
562.42844
562.56776
562.42861
562.56787
562.56793
562.56798
562.56811
562.56805
562.56815
562.56817
562.56807
562.56822
562.56825
562.56824
562.56854
562.5689
562.56853
562.56857
562.56898
562.56901
562.5692
562.56912
562.56922
562.57095
562.5708
562.57093
562.57138
562.57103
562.56813
562.57121
562.57161
562.57105
562.57146
562.57153
562.57165
562.57176
562.57174
562.57182
562.28805
562.57183
562.57198
562.57239
562.57232
562.57188
562.57197
562.57226
562.57238
562.57231
562.57241
562.57248
562.57262
562.57261
562.57263
562.57265
562.57292
562.57297
562.57288
562.57274
562.57319
562.57328
562.57302
562.57365
562.57393
562.57385
562.57368
562.57384
562.57397
562.57408
562.57416
562.57413
562.57434
562.57444
562.57426
562.57467
562.57453
562.57455
562.57458
562.57471
562.57496
562.57502
562.57508
562.57503
562.58708
562.58706
562.58714
562.58729
562.58735
562.58732
562.58725
562.58743
562.65785
562.58776
562.58775
562.58787
562.58761
562.65809
562.65808
562.96452
562.96418
562.96427
562.96437
562.96432
562.96471
562.96461
562.96453
562.96463
562.96481
562.96468
562.96506
562.96482
562.96524
562.96515
562.96534
562.96584
562.96574
562.96617
562.96539
562.96622
562.96555
562.96642
562.96646
562.96648
562.96632
562.96654
562.96655
562.96656
562.96676
562.96684
562.96703
562.96714
562.96685
562.96738
562.96701
562.96719
562.96737
562.96785
562.96727
562.96756
562.96787
562.96796
562.96797
562.96794
562.96852
562.96802
562.96854
562.96875
562.96884
562.96867
562.96835
562.96901
562.96944
562.96972
562.96903
562.96987
562.96953
562.96986
562.96991
562.88799
562.97002
562.96995
562.97001
562.97025
562.97011
562.97033
562.97044
562.97063
562.97081
562.97083
562.97058
562.97079
562.97125
562.97124
562.97093
562.97084
562.97139
562.97132
562.97152
562.97158
562.97148
562.97102
562.97172
562.97171
562.97174
562.97207
562.97195
562.97197
562.97216
562.97235
562.97266
562.97302
562.97246
562.97272
562.97351
562.97294
562.97383
562.97329
562.97359
562.97385
562.97388
562.97326
562.9739
562.9742
562.97401
562.97415
562.97425
562.97457
562.97394
562.97447
562.97478
562.97481
562.97473
562.97497
562.97482
562.97486
562.97485
562.9751
562.9795
562.97985
562.97979
562.97971
562.9802
562.98014
562.98018
562.98026
562.98047
562.98025
562.98057
562.98049
562.97991
562.98104
562.98079
562.98129
562.98135
562.98102
562.98141
562.98144
562.98115
562.9821
562.98176
562.98206
562.98212
562.98177
562.98213
562.9823
562.98226
562.98278
562.98242
562.9826
562.98301
562.98289
562.98245
562.98341
562.98263
562.98382
562.98305
562.98352
562.98357
562.98445
562.98413
562.98427
562.9846
562.98454
562.98402
562.98392
562.9847
562.98414
562.98471
562.98478
562.98462
562.98515
562.98486
562.98477
562.98514
562.9853
562.98519
562.98503
562.98536
562.98537
562.98522
562.98542
562.98555
562.98565
562.9855
562.98554
562.98567
562.98571
562.98611
562.98606
562.98628
562.98622
562.98638
562.98648
562.98652
562.98649
562.98646
562.98656
562.98671
562.98686
562.98704
562.98683
562.98716
562.98729
562.98701
562.98711
562.98696
562.98724
562.98719
562.98688
562.98757
562.98736
562.98767
562.98726
562.98752
562.98803
562.98772
562.98799
562.98798
562.98783
562.98818
562.98845
562.98835
562.98875
562.98879
562.98848
562.98872
562.98894
562.98888
562.98899
562.98898
562.98901
562.98905
562.98884
562.98914
562.98915
562.98931
562.98927
562.98936
562.98961
562.98964
562.98956
562.98949
562.98952
562.98971
562.98973
562.98977
562.98983
562.98974
562.98993
562.99011
562.9892
562.99031
562.99019
562.99001
562.99006
562.99027
562.99034
562.99032
562.99033
562.99041
562.99047
562.99059
562.99049
562.99109
562.99092
562.99108
562.99086
562.99096
562.99103
562.99135
562.99111
562.99128
562.99137
562.9919
562.9917
562.99169
562.99166
562.99206
562.99191
562.99202
562.9921
562.99233
562.9924
562.99238
562.99224
562.99252
562.99317
562.99271
562.9933
562.99259
562.99298
562.99331
562.99327
562.99308
562.99337
562.99357
562.9915
562.99362
562.99358
562.99404
562.99378
562.99377
562.99424
562.99402
562.99431
562.99416
562.9944
562.99434
562.99444
562.99477
562.99452
562.99447
562.99454
562.99497
562.99483
562.99476
562.99467
562.99453
562.99488
562.99536
562.99556
562.99566
562.99581
562.99612
562.99617
562.99603
562.99636
562.99604
562.99626
562.99594
562.99576
562.99654
562.99695
562.9966
562.99663
562.99676
562.99708
562.99719
562.99735
562.99717
562.99704
562.99728
562.99759
562.99743
562.99761
562.99769
562.99778
562.99744
562.99808
562.99815
562.99797
562.99803
562.9983
562.99805
562.99837
562.99825
562.99824
562.99841
562.99832
562.99891
562.99827
562.99865
562.99882
562.99893
562.99901
562.99873
562.99902
562.99941
562.99919
562.99934
562.99903
562.99947
562.99945
562.99953
562.99988
562.99976
562.99963
562.99995
562.99991
