562.100027
562.100025
562.100063
562.100044
1438696.3
562.100049
562.100031
562.100013
1438688.3
562.100055
562.100037
1438695.3
562.10012
562.100098
562.100147
562.100085
562.100084
562.100094
562.100091
562.100148
562.100157
562.100173
562.100171
562.100166
562.100185
562.100226
562.100232
562.100236
562.10029
562.100273
562.100228
562.100289
562.100238
562.100259
562.100254
562.100321
562.10036
562.100302
562.100344
562.100329
562.100349
562.100308
562.100338
562.100374
562.10039
562.100382
562.100401
562.100403
562.100432
562.100417
562.100434
562.10051
562.100474
562.100466
562.100467
562.100501
562.100506
562.100514
562.100448
562.100532
562.100525
562.100546
562.100534
562.100567
562.100536
562.100552
562.100566
562.100572
562.100575
562.100585
562.100587
562.100592
562.100603
562.100595
562.100601
562.10061
562.10062
562.100597
562.100644
562.100607
562.100667
562.10067
562.100629
562.100647
562.100683
562.100688
562.100673
562.100697
562.100733
562.100706
562.100696
562.100734
562.100739
562.100738
562.100751
562.100746
562.100767
562.100818
562.100808
562.100788
562.100832
562.100841
562.100857
562.100851
562.100877
562.100867
562.100879
562.100912
562.100882
562.100903
562.100924
562.100915
562.100929
562.100943
562.100944
562.100894
562.100928
562.100962
562.100951
562.100958
562.100954
562.13671
562.144153
562.144186
562.144193
562.144211
562.144178
562.144209
562.144203
562.144196
562.144185
562.144233
562.144224
562.144222
562.144236
562.144269
562.144273
562.144263
562.144287
562.144306
562.144286
562.144284
562.144309
562.144317
562.144332
562.144946
562.144967
562.144323
562.144986
562.144975
562.144992
562.144993
562.145001
562.145005
562.145014
562.145027
562.145052
562.145066
562.145073
562.145075
562.145072
562.145417
562.145445
562.145433
562.145485
562.145448
562.145557
562.114632
562.145466
562.145469
562.144965
562.145586
562.114626
562.145585
562.145613
562.145609
562.145611
562.145615
562.145631
562.145645
562.145628
562.145643
562.145605
562.145619
562.145684
562.145653
562.145707
562.145704
562.145747
562.145745
562.145687
562.145721
562.145764
562.145761
562.145772
562.145743
562.145776
562.145789
562.145778
562.146163
562.145822
562.146194
562.145816
562.146221
562.145819
562.146166
562.146228
562.146234
562.146242
562.146261
562.146256
562.146258
562.146192
562.146297
562.146309
562.146265
562.146316
562.146371
562.146391
562.146425
562.146402
562.146441
562.146467
562.146534
562.146494
562.146493
562.146495
562.146535
562.146377
562.146557
562.146541
562.146545
562.146573
562.146576
562.146579
562.146596
562.146582
562.146597
562.146585
562.146627
562.146629
562.146641
562.146624
562.146666
562.146179
562.146685
562.146719
562.146722
562.146723
562.146716
562.146762
562.146743
562.146378
562.146764
562.146765
562.146766
562.146783
562.146805
562.146808
562.146836
562.146819
562.146383
562.147785
562.146848
562.146868
562.147789
562.146175
562.147815
562.147814
562.147847
562.147853
562.147891
562.147887
562.147833
562.147895
562.147897
562.147896
562.147903
562.147921
562.147905
562.147919
562.147918
562.147909
562.147911
562.147931
562.146386
562.147951
562.147993
562.148008
562.148004
562.148099
562.146833
562.147978
562.147979
562.147936
562.148034
562.148122
562.148058
562.148028
562.148049
562.148059
562.148116
562.148053
562.148178
562.148201
562.148115
562.148215
562.148233
562.148117
562.148236
562.148238
562.147938
562.148239
562.148245
562.148252
562.148259
562.148167
562.148255
562.148292
562.148297
562.148158
562.148314
562.148131
562.148132
562.149249
562.148133
562.149248
562.148139
562.149259
562.148137
562.149301
562.149309
562.149323
562.149327
562.149361
562.149287
562.149367
562.149412
562.149414
562.148273
562.149354
562.148282
562.149437
562.149336
562.149434
562.148281
562.149439
562.149444
562.149758
562.149774
562.149761
562.149763
562.149781
562.149804
562.149297
562.149296
562.149818
562.149827
562.148277
562.149845
562.149857
562.149856
562.149874
562.149876
562.149877
562.149882
562.149879
562.148269
562.149748
562.149407
562.149792
562.149822
562.149806
562.149966
562.149972
562.149975
562.149982
562.15102
562.15116
562.149789
562.15138
562.15151
562.15157
562.149936
562.15158
562.149942
562.15169
562.149949
562.152573
562.152577
562.152591
562.152592
562.152601
562.152611
562.152614
562.152613
562.152626
562.149948
562.152628
562.149993
562.152703
562.152708
562.152745
562.149997
562.152779
562.150002
562.152788
562.152801
562.152792
562.152814
562.152818
562.152859
562.152853
562.152861
562.152888
562.152889
562.152911
562.152925
562.152904
562.149992
562.152969
562.152941
562.152945
562.152686
562.152694
562.152641
562.16242
562.15458
562.15343
562.16271
562.16272
562.16273
562.15198
562.16283
562.16281
562.16286
562.16285
562.152842
562.152671
562.16295
562.16296
562.16333
562.16331
562.16308
562.16306
562.16345
562.16307
562.16315
562.16406
562.16416
562.16384
562.16413
562.16385
562.152695
562.16355
562.16472
562.16452
562.16475
562.17275
562.152967
562.17284
562.17319
562.17277
562.17306
562.16369
562.17331
562.17389
562.17341
562.17448
562.17409
562.17397
562.17463
562.17454
562.17496
562.17465
562.17482
562.17498
562.17505
562.17515
562.17533
562.17552
562.17545
562.17585
562.17538
562.17537
562.17578
562.17592
562.16427
562.17594
562.17597
562.17688
562.17623
562.17641
562.17642
562.17635
562.16466
562.17702
562.17712
562.17638
562.17749
562.18664
562.17743
562.16429
562.17729
562.18667
562.18678
562.18708
562.18689
562.18688
562.18752
562.18714
562.18757
562.16467
562.16328
562.18783
562.18785
562.18818
562.18797
562.18792
562.18798
562.18793
562.18806
562.18802
562.18836
562.18839
562.18844
562.18841
562.18891
562.18853
562.18886
562.18907
562.18899
562.18908
562.18919
562.18933
562.18939
562.18954
562.18959
562.18957
562.18961
562.18963
562.18973
562.18984
562.18988
562.18992
562.18993
562.19001
562.18995
562.19109
562.19079
562.19086
562.19081
562.19134
562.19125
562.19139
562.19164
562.19156
562.17727
562.19071
562.19165
562.19171
562.19179
562.19188
562.19195
562.19172
562.19042
562.19213
562.19214
562.19076
562.19234
562.19253
562.17735
562.19259
562.19258
562.19266
562.19265
562.19279
562.19287
562.19284
562.19275
562.19307
562.19323
562.19333
562.19326
562.19337
562.19054
562.19345
562.19352
562.19367
562.22431
562.22437
562.22449
562.22443
562.22459
562.22461
562.22463
562.22466
562.22485
562.22504
562.19175
562.22522
562.22524
562.22519
562.19343
562.19205
562.22529
562.19358
562.22541
562.22546
562.22552
562.22562
562.22555
562.19204
562.22564
562.22563
562.22572
562.22573
562.22598
562.22595
562.22581
562.22607
562.22639
562.22599
562.22635
562.22651
562.22648
562.22656
562.22666
562.22677
562.22687
562.22672
562.22694
562.22708
562.22717
562.22721
562.22723
562.22726
562.22742
562.22748
562.22763
562.22807
562.22874
562.22808
562.22817
562.22795
562.22928
562.22911
562.22956
562.22925
562.22949
562.22997
562.23001
562.23044
562.22995
562.23025
562.23019
562.23047
562.23048
562.23099
562.2305
562.2312
562.23097
562.23164
562.23152
562.23176
562.23175
562.23165
562.23178
562.23182
562.23201
562.23216
562.23231
562.23235
562.23186
562.23245
562.23248
562.23247
562.23249
562.23261
562.23264
562.23267
562.23272
562.23273
562.23277
562.23276
562.23291
562.23284
562.23302
562.23301
562.23322
562.23305
562.23304
562.23326
562.23324
562.23327
562.23338
562.23341
562.23365
562.23372
562.23351
562.23346
562.23378
562.23396
562.23408
562.23411
562.23416
562.23437
562.23425
562.23504
562.23484
562.23457
562.23465
562.23458
562.23509
562.23514
562.23518
562.23513
562.23531
562.23529
562.23522
562.23542
562.23583
562.23544
562.23578
562.23581
562.23589
562.23596
562.23603
562.23611
562.23616
562.23609
562.23618
562.23645
562.23652
562.23644
562.23633
562.23648
562.23653
562.23666
562.23682
562.23676
562.23677
562.23705
562.23683
562.23688
562.23723
562.23724
562.23737
562.23713
562.23747
562.23797
562.23772
562.23799
562.23803
562.23836
562.23827
562.23816
562.23854
562.23873
562.23843
562.23877
562.23885
562.23888
562.23899
562.23916
562.23895
562.23923
562.23928
562.23919
562.42871
562.42872
562.56764
562.42762
562.42873
562.56765
562.56777
562.56792
562.56767
562.56852
562.56848
562.56858
562.56868
562.56834
562.56883
562.56902
562.57096
562.56919
562.56869
562.56876
562.57086
562.57104
562.57117
562.57125
562.57185
562.57193
562.57107
562.57206
562.57207
562.57213
562.57155
562.57224
562.57216
562.57215
562.57235
562.57258
562.57295
562.57257
562.57284
562.57305
562.57312
562.57377
562.57321
562.57315
562.57398
562.57381
562.57421
562.57433
562.57429
562.57431
562.57442
562.57422
562.57445
562.57468
562.57469
562.57481
562.57457
562.57449
562.57489
562.29007
562.58709
562.58747
562.58723
562.58733
562.58712
562.58734
562.58738
562.58737
562.58742
562.65787
562.58767
562.58758
562.58791
562.65798
562.65794
562.65801
562.65811
562.96435
562.96419
562.96449
562.96456
562.96476
562.96443
562.96477
562.96484
562.96479
562.96487
562.96496
562.96488
562.96509
562.96516
562.96511
562.96523
562.96535
562.96531
562.96588
562.96541
562.96527
562.96595
562.96565
562.96564
562.96599
562.96547
562.96618
562.96651
562.96715
562.96639
562.96732
562.96722
562.96736
562.96698
562.96746
562.96704
562.96696
562.96711
562.96749
562.96753
562.96773
562.96771
562.96786
562.96788
562.96792
562.96798
562.96819
562.96812
562.96815
562.96804
562.96807
562.96821
562.96825
562.96832
562.96874
562.96851
562.96873
562.96836
562.96865
562.96889
562.96881
562.96876
562.96877
562.96893
562.96923
562.96898
562.96942
562.96932
562.96911
562.96955
562.96935
562.96949
562.96957
562.96978
562.97031
562.96979
562.97117
562.96988
562.97101
562.97038
562.97003
562.97137
562.97141
562.97123
562.97144
562.97157
562.97166
562.97151
562.97163
562.97214
562.97219
562.97168
562.97204
562.97179
562.97194
562.97238
562.97241
562.97264
562.97244
562.97279
562.97262
562.97286
562.97311
562.97303
562.97298
562.97304
562.97323
562.97325
562.97321
562.97384
562.97335
562.97389
562.97324
562.97446
562.97375
562.97398
562.97392
562.97402
562.97433
562.97418
562.97461
562.97452
562.97462
562.97493
562.97494
562.97479
562.98001
562.9797
562.97502
562.97508
562.97986
562.97981
562.98009
562.98011
562.98003
562.98015
562.98013
562.98039
562.9805
562.98059
562.98023
562.98053
562.9807
562.98065
562.98107
562.98089
562.98096
562.98148
562.98142
562.98133
562.98178
562.9819
562.98163
562.98192
562.98182
562.98186
562.98166
562.98197
562.98219
562.98232
562.98208
562.98248
562.98247
562.98268
562.98285
562.98306
562.98276
562.98288
562.98313
562.98321
562.98356
562.98359
562.98362
562.98363
562.9838
562.9836
562.98369
562.98358
562.98371
562.98385
562.98381
562.98398
562.98407
562.98397
562.98419
562.98401
562.98456
562.98434
562.98446
562.98458
562.98432
562.98457
562.98463
562.98459
562.98507
562.98489
562.98543
562.9852
562.98551
562.98558
562.98521
562.98572
562.98559
562.98597
562.9862
562.98549
562.98612
562.98602
562.98617
562.98624
562.98593
562.98614
562.98634
562.98663
562.98659
562.98682
562.98684
562.98667
562.9872
562.98702
562.98687
562.98732
562.98695
562.98755
562.98741
562.9882
562.98815
562.98773
562.98807
562.9864
562.98827
562.98831
562.98895
562.98881
562.98906
562.98921
562.98924
562.98928
562.98926
562.98937
562.98844
562.98943
562.98918
562.98948
562.98947
562.98962
562.9901
562.99026
562.9907
562.99018
562.98972
562.99066
562.99028
562.99054
562.99077
562.99072
562.99085
562.99084
562.99079
562.99104
562.99115
562.99076
562.99107
562.99116
562.99121
562.99141
562.99112
562.99156
562.99159
562.99171
562.99168
562.99204
562.99217
562.99243
562.99198
562.99283
562.99245
562.99291
562.99304
562.99305
562.9931
562.99297
562.99314
562.99315
562.9913
562.99365
562.99342
562.99325
562.99375
562.99385
562.99368
562.99389
562.9946
562.99445
562.99374
562.99437
562.99446
562.99465
562.99472
562.99489
562.99479
562.99544
562.99543
562.99518
562.99531
562.99502
562.99491
562.99565
562.99511
562.99549
562.9958
562.99579
562.99583
562.99569
562.99622
562.99624
562.99647
562.99639
562.99592
562.99613
562.99649
562.99656
562.99666
562.99667
562.99721
562.9972
562.99675
562.99722
562.99734
562.99727
562.99709
562.99749
562.99689
562.99736
562.99748
562.99786
562.99753
562.99787
562.99773
562.99789
562.99807
562.99794
562.99849
562.99793
562.99831
562.99881
562.99853
562.99846
562.99866
562.99869
562.99894
562.9991
562.99904
562.9994
562.99929
562.99981
562.99956
562.99946
562.99992
562.99967
562.99986
