562.19579
562.19565
562.19576
562.19578
562.19584
562.19571
562.19566
562.19558
562.19563
562.19561
562.19582
562.19591
562.19587
562.19593
562.19592
562.19588
562.19596
562.19594
562.19585
562.19589
562.19595
562.19597
562.19598
562.19599
562.19605
562.19608
562.19601
562.19609
562.19603
562.19602
562.19606
562.19604
562.19607
562.19611
562.19616
562.19617
562.19613
562.19612
562.19618
562.19614
562.19619
562.19621
562.19622
562.19623
562.19624
562.19627
562.19629
562.19625
562.19628
562.19626
562.19638
562.19637
562.19639
562.19615
562.19824
562.19573
562.20503
562.20502
562.20501
562.20508
562.20509
562.20511
562.20513
562.20507
562.20514
562.19636
562.20515
562.19642
562.19635
562.20499
562.20518
562.20498
562.20519
562.19643
562.20521
562.20522
562.20526
562.20505
562.20525
562.20523
562.20527
562.20524
562.20504
562.20528
562.20532
562.20529
562.20534
562.20533
562.20531
562.20506
562.20535
562.20537
562.20536
562.20542
562.20543
562.20539
562.20512
562.20538
562.20541
562.20545
562.20544
562.20546
562.20547
562.20551
562.20549
562.20548
562.20552
562.20554
562.20556
562.20555
562.20553
562.20557
562.20564
562.20565
562.20567
562.20566
562.20569
562.20568
562.20573
562.20572
562.20571
562.20574
562.20575
562.20578
562.20576
562.20577
562.20581
562.20583
562.20579
562.20582
562.20585
562.20584
562.20586
562.20587
562.20589
562.20588
562.20593
562.20594
562.20595
562.20591
562.20596
562.20592
562.20598
562.20597
562.20599
562.20615
562.20616
562.20617
562.20641
562.20642
562.20643
562.20646
562.20644
562.20647
562.20689
562.20669
562.20752
562.20756
562.20516
562.20754
562.20517
562.20755
562.20758
562.20759
562.20757
562.20761
562.20762
562.20763
562.20765
562.20766
562.20769
562.20764
562.20767
562.20771
562.20768
562.20773
562.20772
562.20774
562.20775
562.20776
562.20777
562.20778
562.20781
562.20779
562.20784
562.20782
562.20783
562.20785
562.20787
562.20786
562.20788
562.20789
562.20791
562.20792
562.20794
562.20795
562.20797
562.20798
562.20793
562.20799
562.20796
562.20801
562.22453
562.22438
562.22464
562.22469
562.22454
562.22486
562.22499
562.22488
562.22494
562.22512
562.22516
562.22509
562.22513
562.22521
562.22527
562.22551
562.22559
562.22571
562.22583
562.22585
562.22574
562.22596
562.22587
562.22597
562.22628
562.22609
562.22632
562.22681
562.22663
562.22688
562.22692
562.22691
562.22701
562.22682
562.22695
562.22654
562.22702
562.22703
562.22722
562.22711
562.22779
562.22731
562.22737
562.22733
562.22732
562.22783
562.22744
562.22786
562.22787
562.22789
562.2283
562.22824
562.22828
562.22829
562.22835
562.22831
562.22833
562.22834
562.22832
562.22837
562.22836
562.22838
562.2284
562.22839
562.22843
562.22841
562.22842
562.22844
562.22847
562.2285
562.22846
562.22845
562.22848
562.22849
562.22851
562.22852
562.22854
562.22855
562.22853
562.2286
562.22856
562.22858
562.22857
562.22862
562.22859
562.22861
562.22863
562.22864
562.22865
562.22867
562.22869
562.2287
562.22866
562.22871
562.22881
562.22885
562.22886
562.22882
562.22884
562.22887
562.22883
562.2289
562.22888
562.22889
562.22892
562.22891
562.22895
562.22893
562.22894
562.22896
562.22901
562.22897
562.22899
562.22902
562.22898
562.22903
562.22904
562.22906
562.22907
562.22905
562.22908
562.2291
562.22927
562.2295
562.22918
562.22933
562.22958
562.22961
562.22992
562.23024
562.22977
562.22985
562.2301
562.2303
562.22986
562.23029
562.23046
562.23039
562.23063
562.23069
562.23073
562.23077
562.23081
562.23104
562.23103
562.23096
562.23093
562.23106
562.23105
562.23113
562.23123
562.23125
562.23141
562.23135
562.23128
562.23129
562.23168
562.23148
562.23147
562.23192
562.23167
562.23194
562.23193
562.23199
562.23232
562.23223
562.23252
562.23215
562.23218
562.23234
562.23243
562.23255
562.23253
562.23289
562.23293
562.23263
562.23356
562.23316
562.23369
562.23323
562.23312
562.23295
562.23303
562.23319
562.23373
562.23392
562.23404
562.23394
562.23406
562.23433
562.23413
562.23421
562.23452
562.23448
562.23431
562.23444
562.23445
562.23463
562.23476
562.23511
562.23492
562.23517
562.23521
562.23601
562.23528
562.23606
562.23623
562.23532
562.23566
562.23629
562.23632
562.23658
562.23642
562.23646
562.23668
562.23728
562.23665
562.23703
562.23673
562.23718
562.23715
562.23708
562.23744
562.23759
562.23787
562.23748
562.23754
562.23758
562.23794
562.23779
562.23766
562.23801
562.23778
562.23828
562.23813
562.23833
562.23829
562.23864
562.23849
562.23841
562.23861
562.23865
562.23872
562.23892
562.23882
562.23896
562.23894
562.23897
562.23903
562.23927
562.28111
562.28112
562.23915
562.28113
562.23922
562.23913
562.28811
562.28114
562.28997
562.28838
562.28981
562.28841
562.28998
562.28999
562.28839
562.28982
562.28844
562.28845
562.28846
562.29002
562.29001
562.30305
562.30307
562.30304
562.31449
562.30308
562.30309
562.30306
562.31451
562.31452
562.31457
562.31458
562.31459
562.31454
562.31463
562.31464
562.31466
562.31462
562.37111
562.37109
562.37112
562.37108
562.37106
562.31465
562.42634
562.42637
562.42636
562.42639
562.42638
562.42641
562.42642
562.42643
562.42646
562.42644
562.42649
562.42645
562.42647
562.42651
562.28567
562.42652
562.42648
562.42654
562.42655
562.42653
562.42658
562.42656
562.42657
562.42659
562.42661
562.42663
562.42664
562.42662
562.42666
562.42668
562.42665
562.42669
562.42667
562.42671
562.42673
562.42672
562.42675
562.42676
562.42677
562.29139
562.42678
562.42679
562.29003
562.42674
562.42687
562.42681
562.42685
562.42683
562.42689
562.42682
562.42692
562.42688
562.42691
562.42693
562.42694
562.42697
562.42695
562.42701
562.42698
562.42703
562.42699
562.42696
562.42702
562.42704
562.42705
562.42707
562.42712
562.42706
562.42711
562.42708
562.42713
562.42714
562.42715
562.42716
562.42709
562.42722
562.42718
562.42717
562.42724
562.42719
562.42721
562.42723
562.42725
562.42727
562.42726
562.42728
562.42732
562.42734
562.42729
562.42735
562.42733
562.42731
562.42736
562.42737
562.42684
562.42739
562.42738
562.42743
562.42744
562.42742
562.42745
562.42741
562.42746
562.42748
562.42747
562.42749
562.42754
562.42753
562.42752
562.42757
562.42755
562.42756
562.42751
562.42759
562.42763
562.42758
562.42764
562.42766
562.42765
562.42767
562.42769
562.42772
562.42771
562.42768
562.42775
562.42774
562.42773
562.42776
562.42777
562.42778
562.42783
562.42782
562.42786
562.42781
562.42779
562.42784
562.42785
562.42788
562.42787
562.42789
562.42792
562.42791
562.42794
562.42797
562.42801
562.42796
562.42799
562.42802
562.42803
562.42805
562.42804
562.42806
562.42807
562.42808
562.42809
562.42811
562.42812
562.42813
562.42814
562.42816
562.42815
562.42819
562.42817
562.42818
562.42843
562.42827
562.42854
562.42847
562.42855
562.42859
562.42865
562.45587
562.45585
562.45588
562.45589
562.45591
562.45592
562.45594
562.45593
562.45595
562.45596
562.45597
562.45599
562.45598
562.45601
562.45602
562.45603
562.45604
562.45397
562.45403
562.45605
562.45606
562.45607
562.45609
562.45608
562.45398
562.45612
562.45611
562.45614
562.45613
562.45615
562.45616
562.45617
562.45618
562.45619
562.45394
562.45621
562.45399
562.45622
562.45625
562.45624
562.45395
562.45623
562.45396
562.45627
562.45626
562.45628
562.45629
562.45631
562.45404
562.45635
562.45634
562.45633
562.45632
562.45636
562.45639
562.45637
562.45638
562.45641
562.45642
562.45643
562.45644
562.45645
562.45649
562.45647
562.45401
562.45646
562.45648
562.45652
562.45651
562.45653
562.45655
562.45654
562.45657
562.45658
562.45656
562.45662
562.45663
562.45661
562.45659
562.45665
562.45664
562.45667
562.45666
562.45668
562.45672
562.45673
562.45669
562.45675
562.45671
562.45676
562.45846
562.45677
562.45674
562.45847
562.45848
562.45849
562.45852
562.45851
562.45853
562.48345
562.45916
562.45964
562.48348
562.48346
562.48349
562.50222
562.50223
562.50224
562.50227
562.50228
562.50226
562.50232
562.50229
562.50225
562.50233
562.50231
562.50234
562.50235
562.50236
562.50239
562.50237
562.50241
562.50245
562.50238
562.50243
562.50242
562.50246
562.50248
562.50244
562.50249
562.50251
562.50253
562.50255
562.50256
562.50254
562.50252
562.50259
562.50258
562.50257
562.50261
562.50262
562.50263
562.50268
562.50266
562.50267
562.50264
562.50272
562.50271
562.50273
562.50269
562.50274
562.50278
562.50276
562.50277
562.50275
562.50279
562.45845
562.50282
562.50281
562.50285
562.5028
562.50283
562.50284
562.50286
562.5029
562.50287
562.50288
562.50294
562.50292
562.50289
562.50295
562.50291
562.50297
562.50293
562.50296
562.50302
562.50299
562.50298
562.50303
562.50305
562.56762
562.56773
562.5676
562.50304
562.50309
562.56775
562.56783
562.56866
562.50301
562.56859
562.56818
562.56778
562.56867
562.56914
562.56871
562.56894
562.56896
562.57097
562.56915
562.57094
562.57106
562.57127
562.57141
562.57114
562.57157
562.57101
562.57166
562.57162
562.57154
562.57195
562.57179
562.57167
562.57217
562.57194
562.57233
562.57222
562.57199
562.57326
562.57271
562.57228
562.57254
562.57282
562.57283
562.57404
562.57388
562.57363
562.57331
562.57364
562.57392
562.57423
562.57411
562.57436
562.57446
562.57461
562.57492
562.57495
562.58622
562.57482
562.57463
562.58621
562.57476
562.58626
562.58624
562.58623
562.58625
562.58632
562.58629
562.58633
562.58631
562.58628
562.58634
562.58627
562.58636
562.58635
562.58641
562.58643
562.58642
562.58644
562.58648
562.58646
562.58645
562.58647
562.58764
562.58649
562.58746
562.58651
562.58724
562.58711
562.58722
562.58778
562.58777
562.58786
562.58781
562.59217
562.59218
562.58788
562.59221
562.59222
562.59219
562.59223
562.58637
562.59224
562.59225
562.59226
562.59228
562.58638
562.59227
562.59229
562.64826
562.64827
562.64833
562.64828
562.64824
562.64835
562.64825
562.5743
562.64834
562.64836
562.64841
562.64829
562.64844
562.64837
562.64845
562.64852
562.64838
562.64839
562.64853
562.64848
562.64855
562.64846
562.64854
562.64856
562.64857
562.64858
562.64868
562.64866
562.64867
562.64859
562.64863
562.64865
562.64862
562.64869
562.64871
562.64872
562.64873
562.64875
562.64876
562.64878
562.64879
562.64881
562.64877
562.64874
562.64882
562.64883
562.64884
562.64891
562.64885
562.64889
562.64887
562.64888
562.64896
562.64894
562.64892
562.64898
562.64897
562.64901
562.64902
562.64903
562.64899
562.64904
562.64905
562.64911
562.64906
562.60286
562.64914
562.64908
562.64909
562.64913
562.64907
562.64915
562.64916
562.64917
562.64919
562.64921
562.64924
562.64918
562.64923
562.64922
562.64932
562.64931
562.64926
562.64936
562.64933
562.64934
562.64935
562.64929
562.64942
562.64938
562.64943
562.64945
562.64941
562.64944
562.64946
562.64947
562.64951
562.64952
562.64948
562.64953
562.64957
562.64954
562.64956
562.64964
562.64963
562.64958
562.64959
562.64967
562.64962
562.64969
562.64972
562.64971
562.64976
562.64974
562.64968
562.64975
562.64973
562.64979
562.64981
562.64982
562.64978
562.64983
562.64984
562.64986
562.64988
562.64987
562.64991
562.64993
562.64995
562.64994
562.64992
562.64996
562.64998
562.64997
562.64999
562.65001
562.65002
562.65006
562.65003
562.65005
562.65004
562.65007
562.65009
562.65012
562.65008
562.65011
562.65022
562.65013
562.65024
562.65016
562.65026
562.65019
562.65028
562.65029
562.65031
562.65025
562.65023
562.65027
562.65036
562.65032
562.65033
562.65035
562.65037
562.65043
562.65045
562.65038
562.65042
562.65039
562.65041
562.65046
562.65049
562.65044
562.65048
562.65047
562.65051
562.65054
562.65052
562.65061
562.65056
562.65062
562.65064
562.65055
562.65067
562.65068
562.65066
562.65058
562.65063
562.65069
562.65071
562.65074
562.65075
562.65073
562.65082
562.65076
562.65077
562.65079
562.65081
562.65078
562.65083
562.65085
562.65084
562.65094
562.65095
562.65087
562.65093
562.65086
562.65097
562.65088
562.65092
562.65099
562.65098
562.65102
562.65103
562.65109
562.65105
562.65111
562.65107
562.65104
562.65108
562.65112
562.65106
562.65114
562.65117
562.65115
562.65116
562.65119
562.65118
562.65121
562.65126
562.65123
562.65122
562.65124
562.65127
562.65129
562.65128
562.65136
562.65135
562.65134
562.65138
562.65133
562.65141
562.65137
562.65142
562.65139
562.65132
562.65143
562.65144
562.65146
562.65145
562.65151
562.65149
562.65148
562.65155
562.65153
562.65152
562.65157
562.65154
562.65159
562.65158
562.65164
562.65161
562.65163
562.65162
562.65172
562.65169
562.65166
562.65174
562.65173
562.65178
562.65181
562.65183
562.65182
562.65184
562.65188
562.65189
562.65185
562.65187
562.65186
562.65193
562.65197
562.65201
562.65203
562.65204
