562.100108
562.100116
562.100011
562.100038
562.100093
562.100105
562.100043
562.100018
562.100021
562.100068
562.100061
562.100017
562.100122
562.10018
562.100124
562.100156
562.100141
562.100179
562.100137
562.100189
562.100153
562.100165
562.100181
562.100186
562.100192
562.100198
562.10024
562.100217
562.100208
562.100205
562.100229
562.100219
562.100224
562.100252
562.100244
562.100256
562.100264
562.10032
562.100324
562.100295
562.100268
562.100299
562.100294
562.100277
562.100311
562.100303
562.100352
562.100325
562.100326
562.100358
562.100385
562.100343
562.100371
562.100342
562.100388
562.100394
562.100414
562.100481
562.100492
562.100419
562.100451
562.100461
562.10054
562.100522
562.100425
562.100537
562.100505
562.100544
562.100487
562.10058
562.100559
562.100626
562.100562
562.100583
562.100627
562.100656
562.100689
562.100698
562.100633
562.100701
562.100649
562.100703
562.100692
562.100702
562.10075
562.100728
562.100774
562.100747
562.100778
562.100783
562.100711
562.100806
562.100844
562.100858
562.100785
562.100864
562.100827
562.100847
562.100893
562.100872
562.100888
562.100902
562.100907
562.100947
562.100956
562.100939
562.100917
562.144166
562.115073
562.11346
562.144163
562.144179
562.144189
562.144187
562.144218
562.144183
562.10079
562.144228
562.144205
562.144254
562.144241
562.144261
562.144221
562.144268
562.144304
562.144297
562.144301
562.144289
562.144299
562.144314
562.144977
562.144325
562.144985
562.144984
562.144968
562.145061
562.144988
562.145033
562.145047
562.145067
562.145064
562.145069
562.145074
562.145442
562.145078
562.145454
562.145456
562.145517
562.145468
562.145521
562.145497
562.145546
562.145522
562.145529
562.145531
562.145581
562.145578
562.145657
562.145663
562.145594
562.145629
562.145614
562.145595
562.145674
562.145679
562.145706
562.145676
562.145717
562.145722
562.114633
562.145783
562.145751
562.145779
562.145806
562.145821
562.145817
562.146198
562.146214
562.146233
562.146257
562.146227
562.146167
562.146291
562.146312
562.146174
562.146315
562.146169
562.146344
562.146207
562.146323
562.146356
562.146369
562.146364
562.146373
562.146229
562.146411
562.146349
562.146412
562.146421
562.146418
562.146428
562.146205
562.146449
562.146437
562.146285
562.146401
562.146452
562.146464
562.146475
562.146468
562.146478
562.146286
562.146491
562.146274
562.146525
562.146523
562.146532
562.146584
562.146611
562.146558
562.146363
562.146602
562.146614
562.146634
562.146632
562.146183
562.146622
562.146628
562.146381
562.146646
562.146649
562.146648
562.146661
562.146662
562.146674
562.146669
562.146687
562.146691
562.146735
562.146727
562.146733
562.146644
562.146739
562.146753
562.146755
562.146763
562.146769
562.146686
562.146793
562.146814
562.146811
562.146815
562.146555
562.146832
562.147774
562.146838
562.146835
562.147791
562.147784
562.146519
562.146856
562.146355
562.147804
562.147867
562.147811
562.147868
562.147816
562.147898
562.147901
562.147935
562.147932
562.147912
562.147913
562.147948
562.147955
562.147998
562.146714
562.146489
562.148006
562.148012
562.148019
562.148022
562.147822
562.148023
562.148091
562.148097
562.147838
562.148105
562.146817
562.147966
562.147943
562.147977
562.147974
562.147976
562.147982
562.148177
562.148184
562.148194
562.148205
562.148212
562.148107
562.148226
562.148045
562.148295
562.148299
562.148322
562.148243
562.148254
562.148128
562.148166
562.148168
562.149251
562.149257
562.149254
562.149258
562.148149
562.148151
562.149318
562.149328
562.149263
562.149322
562.149342
562.148159
562.148145
562.149369
562.148155
562.149352
562.149355
562.149391
562.149381
562.149392
562.149383
562.149398
562.149425
562.149404
562.149395
562.149438
562.149442
562.149401
562.149783
562.149379
562.149772
562.149785
562.149802
562.149765
562.149798
562.149829
562.149847
562.149839
562.149826
562.149848
562.149807
562.149819
562.149875
562.149888
562.149855
562.149274
562.149343
562.149976
562.149751
562.149938
562.149941
562.15119
562.149408
562.149793
562.149905
562.15121
562.149935
562.149987
562.15123
562.149978
562.15126
562.15152
562.15156
562.149961
562.15168
562.15178
562.149998
562.15184
562.152617
562.152582
562.152603
562.152588
562.152619
562.149995
562.152629
562.152632
562.152648
562.150007
562.150012
562.152702
562.152705
562.152725
562.152726
562.152637
562.152714
562.152691
562.152738
562.152672
562.152748
562.152786
562.152775
562.152787
562.152688
562.152687
562.152661
562.152805
562.152808
562.152697
562.152844
562.152846
562.152851
562.152887
562.152867
562.152886
562.152657
562.15207
562.152901
562.152895
562.152909
562.152894
562.152921
562.152929
562.152928
562.152947
562.152923
562.152937
562.152955
562.16226
562.15466
562.16254
562.16245
562.16233
562.16256
562.16277
562.16264
562.16312
562.16298
562.16338
562.16336
562.16346
562.16353
562.16316
562.16418
562.16392
562.16382
562.16435
562.16409
562.16411
562.16443
562.16445
562.16453
562.16473
562.16458
562.17304
562.16362
562.17311
562.17316
562.16354
562.17325
562.17329
562.152679
562.16342
562.17344
562.17339
562.17348
562.17377
562.17383
562.17412
562.17417
562.17387
562.17381
562.17427
562.17429
562.17443
562.17434
562.17445
562.17449
562.16426
562.17456
562.17474
562.17479
562.17473
562.16492
562.17492
562.16499
562.16367
562.17497
562.17554
562.17559
562.17433
562.17503
562.17543
562.17562
562.17573
562.17575
562.17582
562.17598
562.17627
562.17632
562.17653
562.17652
562.17363
562.17666
562.17667
562.17677
562.17671
562.17682
562.16465
562.17693
562.17717
562.17732
562.17747
562.18694
562.18521
562.17757
562.18675
562.18738
562.18735
562.18728
562.18695
562.18744
562.18742
562.18759
562.18772
562.18696
562.18745
562.18791
562.18787
562.18773
562.18826
562.18825
562.18835
562.18832
562.18894
562.18897
562.18888
562.18904
562.18921
562.18889
562.18903
562.18906
562.18929
562.18952
562.18931
562.18932
562.18951
562.18956
562.18953
562.18976
562.18975
562.18978
562.18965
562.18989
562.18994
562.19002
562.18996
562.19056
562.19014
562.19018
562.19016
562.19058
562.19022
562.19088
562.19118
562.19082
562.19132
562.19068
562.19149
562.19154
562.19167
562.19184
562.19064
562.19059
562.19201
562.19221
562.19229
562.19231
562.19233
562.19037
562.19244
562.19243
562.19027
562.19257
562.19304
562.19286
562.19301
562.19269
562.19348
562.19314
562.19362
562.17738
562.19021
562.22429
562.22455
562.22448
562.22471
562.22467
562.22473
562.22496
562.22517
562.22487
562.22523
562.22547
562.22567
562.22553
562.22566
562.19356
562.22591
562.22605
562.22612
562.22617
562.22618
562.22626
562.22633
562.22653
562.22646
562.22662
562.22669
562.22675
562.22693
562.22689
562.22686
562.22746
562.22705
562.22729
562.22757
562.22775
562.22776
562.22798
562.22876
562.22818
562.22777
562.22909
562.22826
562.22914
562.22917
562.22923
562.19631
562.22962
562.22942
562.2296
562.22954
562.22944
562.2298
562.22943
562.22988
562.23012
562.22994
562.23014
562.23031
562.2304
562.23032
562.23042
562.23059
562.23062
562.23064
562.23083
562.23088
562.23109
562.23116
562.23117
562.23122
562.2313
562.23124
562.23137
562.23149
562.23142
562.23144
562.23146
562.2315
562.23143
562.2302
562.23181
562.23188
562.23198
562.23206
562.23203
562.23202
562.19823
562.23208
562.23221
562.23236
562.23238
562.23286
562.23246
562.23306
562.23317
562.23328
562.23353
562.23308
562.23364
562.23383
562.23339
562.23427
562.23407
562.23424
562.23434
562.23453
562.23451
562.23454
562.23456
562.23467
562.23495
562.23494
562.23505
562.23516
562.23525
562.19633
562.23538
562.23527
562.23547
562.23545
562.23552
562.23554
562.23564
562.23556
562.23582
562.23607
562.23588
562.23636
562.23605
562.23659
562.23669
562.23681
562.23699
562.23707
562.23693
562.23706
562.23729
562.23736
562.23742
562.23738
562.23745
562.23762
562.23773
562.23783
562.23757
562.23784
562.23777
562.23788
562.23789
562.23802
562.23847
562.23838
562.23831
562.23868
562.23807
562.23825
562.23869
562.23824
562.23878
562.23881
562.23884
562.23906
562.23904
562.23887
562.23907
562.23932
562.23935
562.23929
562.42822
562.42824
562.42828
562.42825
562.42837
562.42849
562.42869
562.42863
562.42864
562.56761
562.56766
562.56782
562.56794
562.56785
562.5681
562.56832
562.5686
562.56873
562.56877
562.56874
562.56889
562.56892
562.56897
562.56893
562.56921
562.29008
562.56855
562.28389
562.30435
562.57079
562.57091
562.57098
562.57124
562.33281
562.57092
562.57147
562.57171
562.57142
562.57175
562.57201
562.57139
562.57237
562.57172
562.57219
562.57251
562.57244
562.57266
562.57252
562.30434
562.57278
562.57273
562.57285
562.57267
562.57301
562.57279
562.57303
562.57296
562.57306
562.57318
562.57317
562.57314
562.57386
562.57387
562.57329
562.57311
562.57369
562.57373
562.57389
562.34086
562.57394
562.57424
562.57403
562.57405
562.57443
562.57448
562.57432
562.57447
562.57454
562.57466
562.57472
562.57497
562.58721
562.58748
562.58728
562.57505
562.52722
562.57507
562.58757
562.58759
562.65788
562.58779
562.65795
562.65789
562.65797
562.65803
562.65816
562.65804
562.96438
562.96505
562.96446
562.96464
562.96486
562.96528
562.96467
562.96532
562.96497
562.96551
562.96545
562.96582
562.96577
562.96552
562.96567
562.96585
562.96583
562.96601
562.96614
562.96612
562.96626
562.96649
562.96613
562.96661
562.96668
562.96638
562.96718
562.96688
562.96634
562.96682
562.96735
562.96712
562.96766
562.96759
562.96805
562.96816
562.96823
562.96837
562.96843
562.96858
562.96855
562.96869
562.96906
562.96896
562.96887
562.96895
562.96943
562.96924
562.96908
562.96937
562.96913
562.96965
562.96966
562.5742
562.96969
562.96989
562.97013
562.97004
562.96974
562.96996
562.96971
562.97021
562.97015
562.97022
562.97043
562.97045
562.97052
562.97053
562.97057
562.97082
562.97072
562.97075
562.97087
562.97107
562.97088
562.97112
562.97096
562.97119
562.97126
562.97134
562.97138
562.97153
562.97145
562.97128
562.97183
562.97122
562.97176
562.97161
562.97182
562.97208
562.97211
562.97221
562.97229
562.97317
562.97212
562.97231
562.97215
562.97249
562.97309
562.97263
562.97301
562.97333
562.97319
562.97358
562.97338
562.97368
562.97348
562.9737
562.97361
562.97403
562.97419
562.97429
562.97395
562.97378
562.97439
562.97434
562.97441
562.97444
562.97445
562.97455
562.97448
562.97491
562.97471
562.97496
562.9747
562.97463
562.97492
562.97477
562.97509
562.97503
562.97514
562.97515
562.97939
562.9794
562.97984
562.98012
562.97978
562.98005
562.98029
562.98007
562.98054
562.98075
562.98067
562.98033
562.98017
562.98081
562.98087
562.98091
562.98109
562.98126
562.98146
562.98095
562.9813
562.9812
562.98137
562.98153
562.98156
562.98183
562.98159
562.98195
562.98223
562.98184
562.9827
562.98234
562.98227
562.98233
562.98257
562.98241
562.98271
562.98275
562.98298
562.9831
562.9832
562.98293
562.9833
562.98329
562.98372
562.98383
562.98395
562.98373
562.98318
562.98345
562.98399
562.98404
562.9842
562.98416
562.98444
562.98422
562.98505
562.98499
562.98544
562.98569
562.98539
562.98518
562.98574
562.98564
562.98573
562.98587
562.98576
562.98605
562.98625
562.98607
562.98618
562.98657
562.98635
562.98647
562.98662
562.98676
562.98692
562.9871
562.98703
562.98722
562.98748
562.9878
562.98753
562.98774
562.98756
562.98782
562.98784
562.9881
562.98812
562.9885
562.98816
562.9868
562.98842
562.98825
562.98843
562.98873
562.98897
562.98874
562.98907
562.98932
562.9902
562.98929
562.98939
562.98934
562.98984
562.98995
562.99021
562.9903
562.9905
562.99025
562.99044
562.99057
562.99095
562.99094
562.99082
562.99065
562.99099
562.99127
562.99132
562.99142
562.99139
562.99165
562.99146
562.99158
562.99151
562.99148
562.99163
562.99161
562.99172
562.99177
562.99182
562.99199
562.99223
562.99187
562.99229
562.99239
562.99227
562.99246
562.99247
562.99257
562.9927
562.9926
562.99248
562.99281
562.99276
562.99285
562.99309
562.99332
562.99328
562.99349
562.99366
562.99352
562.99363
562.9857
562.9858
562.99376
562.9938
562.99371
562.99383
562.9942
562.99406
562.99384
562.99441
562.9948
562.99456
562.99473
562.99439
562.99501
562.99498
562.99513
562.9954
562.99535
562.99533
562.9955
562.99545
562.99605
562.99582
562.99597
562.9961
562.99574
562.99619
562.99618
562.99633
562.99644
562.99641
562.99661
562.99671
562.9965
562.99706
562.99653
562.99692
562.99673
562.99714
562.99711
562.9976
562.9974
562.99777
562.99767
562.99799
562.99776
562.9979
562.99861
562.99872
562.99855
562.99814
562.9992
562.99887
562.99897
562.99822
562.99932
562.99948
562.99954
562.99952
562.99955
562.99964
562.99994
562.99999
