1328439.3
1328440.3
1328432.3
1328437.3
1328442.3
1328438.3
1328446.3
1328443.3
1328444.3
1328436.3
1328447.3
1328448.3
1328441.3
1328449.3
1328450.3
1400158.3
1400157.3
1438669.3
1400156.3
1438668.3
1438670.3
1438671.3
1438673.3
1438675.3
1438676.3
1438672.3
1438678.3
1438679.3
1438677.3
1328445.3
1438680.3
1438674.3
1438681.3
1438690.4
1438685.3
1445863.3
1445862.3
1438689.3
1438682.3
1438683.3
2847010.3
2847012.3
562.100004
562.10002
562.100033
1045010.61
562.100012
562.100024
1045010.62
562.100026
1045010.64
562.100029
562.100035
562.100046
562.100036
1045010.63
562.100048
562.100045
2847011.3
562.100059
562.100054
562.100058
562.100064
562.100051
562.100083
562.100087
562.100097
562.100107
562.100101
562.100102
562.100112
562.100125
562.100126
562.100136
562.100135
562.100155
562.10017
562.10019
562.100161
562.100231
562.100183
562.100184
562.100193
562.100177
562.100211
562.100274
562.100194
562.100201
562.100207
562.100215
562.100227
562.100246
562.100258
562.100247
562.100261
562.100272
562.100276
562.100286
562.100282
562.100284
562.100334
562.100296
562.100305
562.100288
562.100313
562.100317
562.100306
562.100314
562.100332
562.100319
562.100318
562.100341
562.100359
562.10037
562.100362
562.100347
562.100399
562.100367
562.100389
562.100405
562.10041
562.10008
562.100418
562.100408
562.100427
562.100421
562.10043
562.10046
562.10045
562.100431
562.100454
562.10047
562.100457
562.100465
562.100495
562.100473
562.100503
562.100499
562.100513
562.100508
562.100484
562.100523
562.100519
562.100531
562.100535
562.100539
562.100558
562.100554
562.100548
562.100589
562.100553
562.100576
562.100573
562.100538
562.100577
562.100591
562.100588
562.100612
562.100594
562.100598
562.100618
562.100632
562.100638
562.100606
562.100634
562.100637
562.100642
562.100661
562.100652
562.100657
562.100653
562.100686
562.100669
562.10071
562.100666
562.100714
562.100675
562.100722
562.100752
562.100718
562.100723
562.100725
562.100745
562.100737
562.100727
562.100758
562.10077
562.100754
562.100761
562.100771
562.100775
562.100784
562.100786
562.100795
562.100779
562.100819
562.100813
562.100812
562.100814
562.100834
562.100816
562.100861
562.100855
562.100862
562.100865
562.100874
562.100876
562.100871
562.100875
562.100854
562.100884
562.100885
562.100878
562.100898
562.100887
562.100886
562.100916
562.100911
562.100908
562.100927
562.100925
562.100918
562.100933
562.100919
562.100948
562.100942
562.101974
562.100945
562.100964
562.101975
562.100949
562.102124
562.102106
562.10576
562.111033
562.109862
562.109859
562.108812
562.111034
562.109861
562.111035
562.115101
562.115102
562.111036
562.115103
562.115106
562.115105
562.115104
562.112423
562.11511
562.115109
562.115107
562.135559
562.112424
562.13502
562.115108
562.135561
562.135565
562.135562
562.135567
562.135564
562.135568
562.112425
562.135569
562.112391
562.135563
562.135572
562.135571
562.135573
562.135574
562.135575
562.135577
562.135576
562.135578
562.135579
562.135581
562.135582
562.135584
562.135585
562.135583
562.135586
562.135587
562.135588
562.135589
562.135592
562.135593
562.135591
562.135594
562.140824
562.140827
562.140826
562.140825
562.140828
562.140829
562.140831
562.112426
562.140832
562.140834
562.140833
562.140835
562.140836
562.140838
562.140837
562.140839
562.140841
562.140842
562.140843
562.140844
562.140845
562.140847
562.140846
562.140848
562.140849
562.140852
562.140851
562.140853
562.140855
562.140854
562.140856
562.140858
562.140857
562.140861
562.140859
562.140862
562.140863
562.140867
562.140864
562.13559
562.13556
562.140865
562.140866
562.140868
562.140871
562.140876
562.140872
562.140869
562.140878
562.140877
562.140875
562.140873
562.140874
562.140879
562.140883
562.140881
562.140882
562.140886
562.140888
562.140884
562.140885
562.140889
562.140887
562.13558
562.140891
562.13557
562.140897
562.140893
562.140894
562.140902
562.140896
562.140892
562.140899
562.140898
562.140895
562.140901
562.140903
562.140908
562.140905
562.140904
562.140909
562.140912
562.140907
562.140906
562.140911
562.140913
562.140914
562.140915
562.140918
562.140919
562.140964
562.144172
562.144182
562.144151
562.144192
562.144198
562.144247
562.144174
562.144219
562.144253
562.144245
562.144243
562.144266
562.144264
562.144276
562.144272
562.144277
562.144274
562.144298
562.144292
562.144319
562.144312
562.144911
562.144912
562.144329
562.144315
562.144913
562.144915
562.144916
562.144914
562.144919
562.144917
562.144921
562.144918
562.144922
562.144923
562.144924
562.144927
562.144925
562.144928
562.144932
562.144931
562.144926
562.144929
562.144934
562.144935
562.144933
562.144936
562.144937
562.144941
562.144939
562.144938
562.144983
562.144944
562.144942
562.144943
562.144982
562.144969
562.144989
562.145006
562.145003
562.145004
562.145007
562.145013
562.145016
562.145022
562.145021
562.145039
562.145026
562.145055
562.145042
562.145071
562.145068
562.145372
562.145373
562.145378
562.145383
562.145379
562.145381
562.145385
562.145386
562.145387
562.145384
562.145388
562.145389
562.145391
562.145392
562.145395
562.145393
562.145394
562.145399
562.145401
562.145397
562.145396
562.145402
562.145398
562.145403
562.145404
562.145405
562.145407
562.145408
562.145411
562.145406
562.145412
562.145413
562.145409
562.145434
562.145416
562.145554
562.145414
562.145415
562.145477
562.145464
562.145481
562.145484
562.145486
562.145502
562.145493
562.145565
562.145572
562.145496
562.145608
562.145516
562.145622
562.145638
562.145671
562.145736
562.145677
562.145744
562.145741
562.145796
562.145762
562.145758
562.145795
562.145807
562.146272
562.146263
562.145815
562.146273
562.146284
562.146313
562.146275
562.146319
562.146352
562.146409
562.146403
562.146424
562.146415
562.146482
562.146455
562.146499
562.146502
562.146508
562.146556
562.146512
562.146354
562.146562
562.146536
562.146572
562.146601
562.146591
562.146603
562.146598
562.146618
562.146608
562.146609
562.146631
562.146724
562.146625
562.146717
562.146384
562.146693
562.146738
562.146773
562.146752
562.146748
562.146846
562.146792
562.146186
562.146789
562.146484
562.146864
562.146861
562.147805
562.146862
562.147792
562.147806
562.147807
562.147848
562.146514
562.147844
562.147907
562.147899
562.147954
562.146385
562.148018
562.146701
562.148077
562.148082
562.148086
562.148089
562.147825
562.146711
562.147769
562.147831
562.148251
562.148296
562.147835
562.148312
562.148306
562.149331
562.149261
562.147989
562.149366
562.147945
562.149394
562.148035
562.148284
562.148114
562.149364
562.149423
562.149445
562.149782
562.149805
562.149759
562.147987
562.149831
562.149811
562.149902
562.149812
562.147988
562.149851
562.149842
562.148146
562.149894
562.148129
562.149897
562.15114
562.148161
562.15149
562.15139
562.15109
562.15155
562.15174
562.149415
562.149746
562.15176
562.149986
562.152571
562.152586
562.152625
562.149944
562.152675
562.15135
562.152709
562.150008
562.149999
562.149988
562.152774
562.152811
562.150011
562.152873
562.152848
562.152882
562.152883
562.152896
562.152899
562.152912
562.15196
562.152931
562.15456
562.15462
562.16249
562.15464
562.16266
562.15204
562.16278
562.16287
562.16297
562.16419
562.16304
562.16389
562.16301
562.16421
562.15194
562.16431
562.16451
562.16433
562.16461
562.152682
562.16361
562.152832
562.17282
562.17332
562.17296
562.152841
562.17338
562.17299
562.17362
562.17355
562.152658
562.17354
562.17391
562.17372
562.17393
562.152666
562.17452
562.17455
562.17459
562.17476
562.17487
562.17485
562.17521
562.17518
562.17504
562.17522
562.17531
562.17532
562.17556
562.17587
562.17576
562.17566
562.17438
562.17634
562.17633
562.17678
562.17754
562.17686
562.18709
562.17756
562.17679
562.17705
562.17364
562.17755
562.17758
562.18665
562.18671
562.18721
562.18726
562.18847
562.18837
562.18814
562.18811
562.18845
562.18855
562.18879
562.18909
562.18914
562.18967
562.18972
562.18915
562.17368
562.18981
562.18969
562.19004
562.17369
562.19078
562.19147
562.19044
562.19006
562.19049
562.19187
562.19019
562.19248
562.19173
562.19271
562.19066
562.19009
562.19291
562.19261
562.19048
562.19061
562.19292
562.19346
562.19312
562.19347
562.19357
562.19365
562.19034
562.19371
562.19359
562.19372
562.19373
562.17734
562.19375
562.19374
562.19377
562.19379
562.19378
562.19376
562.19381
562.19384
562.19382
562.19385
562.19387
562.19383
562.19392
562.19389
562.19391
562.19386
562.19395
562.19394
562.19396
562.19398
562.19397
562.19399
562.19402
562.19403
562.19405
562.19404
562.19401
562.19406
562.19408
562.19407
562.19412
562.19409
562.19388
562.19413
562.19411
562.19415
562.19414
562.19393
562.19421
562.19422
562.19418
562.19423
562.19417
562.19424
562.19416
562.19426
562.19419
562.19425
562.19206
562.19427
562.19434
562.19429
562.19433
562.19432
562.19431
562.19436
562.19437
562.19435
562.19439
562.19438
562.19441
562.19442
562.19445
562.19443
562.19447
562.19444
562.19446
562.19448
562.19449
562.19452
562.19451
562.19453
562.19428
562.19454
562.19458
562.19456
562.19461
562.19455
562.19457
562.19462
562.19467
562.19469
562.19471
562.19468
562.19476
562.19473
562.19475
562.19479
562.19474
562.19477
562.19481
562.19478
562.19482
562.19483
562.19472
562.19486
562.19485
562.19493
562.19489
562.19491
562.19492
562.19488
562.19459
562.19494
562.19484
562.19487
562.19495
562.19496
562.19497
562.19499
562.19501
562.19498
562.19503
562.19502
562.19505
562.19504
562.19507
562.19508
562.19506
562.19509
562.19511
562.19513
562.19512
562.19515
562.19516
562.19518
562.19514
562.19519
562.19517
562.19521
562.19523
562.19522
562.19524
562.19531
562.19529
562.19528
562.19527
562.19525
562.19532
562.19534
562.19533
562.19535
562.19536
562.19537
562.19538
562.19541
562.19539
562.19544
562.19546
562.19545
562.19543
562.19542
562.19548
562.19547
562.19551
562.19552
562.19549
562.19553
562.19526
562.19554
562.19556
562.19555
562.19557
562.19559
562.19562
562.19567
562.19564
562.19569
562.19572
562.19577
562.19568
562.19583
562.19581
562.19586
562.22489
562.22436
562.22603
562.22665
562.22683
562.22606
562.22735
562.22645
562.22736
562.22751
562.22743
562.22754
562.22773
562.22766
562.22813
562.22805
562.22781
562.22801
562.22951
562.22983
562.23071
562.23051
562.23005
562.23076
562.23098
562.23155
562.23162
562.23228
562.23183
562.23233
562.23266
562.23314
562.23268
562.23275
562.23377
562.23287
562.23331
562.23334
562.23384
562.23391
562.23438
562.23398
562.23423
562.23388
562.23477
562.23711
562.23469
562.23482
562.23574
562.19575
562.23619
562.23557
562.23697
562.23685
562.23608
562.23702
562.23712
562.56819
562.23815
562.23726
562.56769
562.23846
562.56781
562.56856
562.42866
562.23818
562.23845
562.56875
562.42838
562.56801
562.56885
562.57129
562.57083
562.57144
562.57156
562.57242
562.57186
562.57192
562.57212
562.57191
562.57372
562.57406
562.57439
562.57427
562.57414
562.58755
562.58763
562.58726
562.58703
562.65793
562.65786
562.58785
562.96425
562.96434
562.96424
562.96489
562.96665
562.96525
562.96543
562.96576
562.96529
562.19574
562.96631
562.96544
562.96621
562.96554
562.96602
562.96633
562.96721
562.96845
562.96777
562.96692
562.96725
562.96838
562.96824
562.96761
562.96934
562.96967
562.96925
562.96888
562.97147
562.96959
562.97017
562.97049
562.97034
562.97041
562.97019
562.96992
562.97092
562.97116
562.97094
562.97177
562.97065
562.97198
562.97313
562.97281
562.97315
562.97297
562.9733
562.97341
562.97369
562.97413
562.97314
562.97364
562.97489
562.97454
562.97951
562.97948
562.97945
562.9801
562.98136
562.98021
562.97952
562.98055
562.9804
562.97987
562.98035
562.98044
562.98062
562.98066
562.98123
562.98139
562.98253
562.98239
562.98128
562.98143
562.98229
562.98342
562.98307
562.98353
562.98364
562.98224
562.98479
562.98396
562.98421
562.9866
562.98557
562.98415
562.98428
562.98495
562.98443
562.98598
562.98527
562.98673
562.98685
562.98744
562.98764
562.98749
562.98707
562.98805
562.98809
562.98867
562.98851
562.9898
562.9916
562.98963
562.98902
562.9911
562.9887
562.98985
562.99036
562.99014
562.99046
562.99133
562.99149
562.99083
562.99188
562.99174
562.9922
562.9925
562.99495
562.99193
562.9936
562.99279
562.99346
562.99621
562.99373
562.99425
562.99415
562.99474
562.99475
562.99503
562.99542
562.99509
562.99481
562.99681
562.99629
562.99816
562.99562
562.99659
562.99836
562.9918
562.99716
562.99724
562.99713
562.9975
562.99746
562.99834
562.99788
562.99817
562.99795
562.99752
562.99857
562.99868
562.99915
562.99895
562.99906
562.99924
562.99933
562.99975
562.99936
562.99958
562.99957
562.99965
562.99985
562.99989
