562.65208
562.65206
562.65202
562.65213
562.65209
562.65205
562.65211
562.65196
562.65212
562.65198
562.65207
562.65199
562.65217
562.65215
562.65214
562.65219
562.65216
562.65218
562.65224
562.65221
562.65222
562.65225
562.65227
562.65231
562.65241
562.65237
562.65233
562.65234
562.65235
562.65244
562.65245
562.65238
562.65242
562.65243
562.65236
562.65246
562.65248
562.65247
562.65257
562.65254
562.65253
562.65258
562.65256
562.65255
562.65252
562.65259
562.65261
562.65263
562.65265
562.65267
562.65264
562.65266
562.65268
562.65271
562.65272
562.65269
562.65274
562.65273
562.65275
562.65276
562.65277
562.65278
562.65281
562.65279
562.65282
562.65284
562.65287
562.65283
562.65288
562.65285
562.65286
562.65293
562.65291
562.65295
562.65289
562.65297
562.65298
562.65296
562.65294
562.65299
562.65307
562.65301
562.65302
562.65303
562.65308
562.65304
562.65305
562.65306
562.65309
562.65312
562.65311
562.65313
562.65315
562.65314
562.65318
562.65316
562.65319
562.65317
562.65326
562.65321
562.65324
562.65322
562.65328
562.65327
562.65332
562.65331
562.65333
562.65329
562.65334
562.65336
562.65335
562.65337
562.65338
562.65339
562.65341
562.65342
562.65344
562.65345
562.65343
562.65346
562.65347
562.65348
562.65349
562.65351
562.65352
562.65354
562.65353
562.65355
562.65361
562.65359
562.65358
562.65356
562.65362
562.65367
562.65366
562.65363
562.65365
562.65364
562.65371
562.65368
562.65374
562.65369
562.65372
562.65373
562.65381
562.65375
562.65382
562.65378
562.65377
562.65384
562.65379
562.65386
562.65387
562.65388
562.65389
562.65385
562.65393
562.65392
562.65396
562.65391
562.65397
562.65399
562.65402
562.65395
562.65398
562.65403
562.65405
562.65408
562.65406
562.65411
562.65404
562.65409
562.65412
562.65407
562.65413
562.65414
562.65415
562.65417
562.65416
562.65418
562.65419
562.65425
562.65423
562.65421
562.65422
562.65426
562.65428
562.65427
562.65429
562.65434
562.65432
562.65433
562.65431
562.65437
562.65436
562.65435
562.65439
562.65444
562.65446
562.65443
562.65447
562.65448
562.65442
562.65445
562.65449
562.65451
562.65453
562.65454
562.65452
562.65459
562.65456
562.65458
562.65455
562.65461
562.65462
562.65464
562.65457
562.65465
562.65466
562.65468
562.65467
562.65463
562.65471
562.65472
562.65473
562.65469
562.65475
562.65476
562.65478
562.65477
562.65479
562.65481
562.65485
562.65482
562.65484
562.65491
562.65488
562.65489
562.65483
562.65496
562.65497
562.65493
562.65498
562.65499
562.65501
562.65504
562.65502
562.65503
562.65507
562.65505
562.65506
562.65508
562.65512
562.65511
562.65513
562.65515
562.65519
562.65514
562.65518
562.65521
562.65516
562.65525
562.65524
562.65532
562.65522
562.65533
562.65526
562.65528
562.65531
562.65529
562.65535
562.65536
562.65534
562.65537
562.65538
562.65541
562.65542
562.65539
562.65546
562.65547
562.65545
562.65548
562.65549
562.65544
562.65551
562.65543
562.65553
562.65552
562.65554
562.65557
562.65556
562.65564
562.65565
562.65562
562.65568
562.65563
562.65569
562.65567
562.65558
562.65573
562.65575
562.65574
562.65572
562.65579
562.65576
562.65585
562.65577
562.65571
562.65578
562.65581
562.65583
562.65584
562.65586
562.65594
562.65597
562.65601
562.65602
562.65595
562.65593
562.65604
562.65589
562.65587
562.65605
562.65603
562.65596
562.65606
562.65609
562.65607
562.65608
562.65614
562.65611
562.65615
562.65618
562.65613
562.65616
562.65612
562.65617
562.65623
562.65619
562.65622
562.65624
562.65625
562.65621
562.65629
562.65627
562.65628
562.65631
562.65626
562.65632
562.65636
562.65633
562.65634
562.65637
562.65639
562.65635
562.65641
562.65643
562.65645
562.65638
562.65644
562.65646
562.65649
562.65652
562.65648
562.65653
562.65654
562.65656
562.65658
562.65657
562.65661
562.65662
562.65665
562.65664
562.65663
562.65668
562.65672
562.65667
562.65669
562.65671
562.65666
562.65674
562.65676
562.65679
562.65675
562.65681
562.65682
562.65684
562.65687
562.65677
562.65685
562.65686
562.65688
562.65692
562.65693
562.65694
562.65695
562.65689
562.65702
562.65699
562.65691
562.65698
562.65696
562.65705
562.65706
562.65707
562.65711
562.65715
562.65709
562.65712
562.65714
562.65708
562.65713
562.65716
562.65719
562.65717
562.65725
562.65721
562.65722
562.65727
562.65726
562.65724
562.65731
562.65734
562.65728
562.65732
562.65733
562.65739
562.65738
562.65744
562.65735
562.65745
562.65742
562.65741
562.65736
562.65743
562.65748
562.65746
562.65747
562.65754
562.65761
562.65749
562.65757
562.65752
562.65753
562.65762
562.65784
562.65758
562.65751
562.65756
562.65763
562.65802
562.65764
562.65813
562.65815
562.65817
562.7565
562.7568
562.7566
562.7569
562.7572
562.7567
562.65921
562.7571
562.7573
562.7575
562.7576
562.7577
562.7579
562.7578
562.7622
562.7618
562.7617
562.7581
562.7582
562.7583
562.7584
562.7619
562.7621
562.7624
562.7623
562.7625
562.7626
562.7627
562.7632
562.7629
562.7634
562.7631
562.7628
562.7635
562.7641
562.7633
562.7637
562.7636
562.7638
562.7642
562.7639
562.7643
562.7645
562.7644
562.7646
562.7648
562.7649
562.7654
562.7647
562.7652
562.7653
562.7655
562.7656
562.7657
562.7662
562.7658
562.7667
562.7663
562.7661
562.7665
562.7664
562.7659
562.7666
562.7668
562.7669
562.7678
562.7671
562.7672
562.7673
562.7674
562.7677
562.7682
562.7683
562.7681
562.7679
562.7692
562.7684
562.7685
562.7686
562.7689
562.7694
562.7688
562.7687
562.7691
562.7695
562.7693
562.7697
562.7698
562.7702
562.7696
562.7701
562.7699
562.7703
562.7705
562.7708
562.7704
562.7706
562.7707
562.7709
562.7718
562.7712
562.7719
562.7713
562.7717
562.7722
562.7714
562.7721
562.7723
562.7724
562.7729
562.7736
562.7725
562.7726
562.7731
562.7727
562.7733
562.7732
562.7734
562.7728
562.7737
562.7735
562.7739
562.7741
562.7738
562.7742
562.7749
562.7744
562.7743
562.7756
562.7747
562.7745
562.7753
562.7754
562.7746
562.7752
562.7755
562.7757
562.7763
562.7758
562.7765
562.7773
562.7762
562.7759
562.7767
562.7769
562.7771
562.7766
562.7761
562.7772
562.7774
562.7775
562.7776
562.7778
562.7781
562.7779
562.7782
562.7777
562.7785
562.7786
562.7784
562.7788
562.7783
562.7791
562.7789
562.7793
562.7792
562.7794
562.79124
562.80368
562.79122
562.87793
562.85839
562.80366
562.85837
562.96428
562.87791
562.96436
562.79123
562.96445
562.80367
562.96499
562.96472
562.96513
562.85838
562.87792
562.96514
562.96536
562.96548
562.96517
562.96533
562.96556
562.96586
562.96562
562.96573
562.96587
562.96593
562.96606
562.96611
562.96641
562.96616
562.96623
562.96653
562.96647
562.96663
562.96674
562.96664
562.96675
562.96679
562.96694
562.96683
562.96689
562.96709
562.96716
562.96713
562.96723
562.91162
562.96745
562.96739
562.90696
562.96754
562.96758
562.96775
562.96774
562.90695
562.96769
562.96778
562.96806
562.96831
562.96833
562.96842
562.96856
562.96834
562.96878
562.96879
562.96859
562.96857
562.90694
562.96904
562.96912
562.96883
562.96922
562.96917
562.96961
562.97047
562.97037
562.97042
562.96921
562.97006
562.97007
562.97118
562.97105
562.97127
562.97097
562.97142
562.97143
562.97154
562.97099
562.97159
562.97155
562.97165
562.97149
562.97169
562.97173
562.97189
562.97192
562.97226
562.97222
562.97228
562.97239
562.97261
562.97243
562.97273
562.97252
562.97276
562.97267
562.97312
562.97282
562.97322
562.97287
562.97318
562.97349
562.97293
562.97356
562.97353
562.97399
562.97405
562.97423
562.97438
562.9741
562.97422
562.9744
562.97483
562.97504
562.97505
562.9748
562.97754
562.9775
562.97472
562.97751
562.97752
562.97753
562.97749
562.97756
562.97758
562.97755
562.97757
562.97759
562.97764
562.97762
562.9776
562.97763
562.97765
562.97761
562.97766
562.97767
562.9777
562.97769
562.97768
562.97771
562.97777
562.97774
562.97773
562.97776
562.97779
562.9778
562.97772
562.97775
562.97778
562.97782
562.97784
562.97781
562.97787
562.97783
562.9779
562.97789
562.97786
562.97788
562.97791
562.97793
562.97794
562.97796
562.97797
562.97795
562.97798
562.97799
562.97805
562.97801
562.97806
562.97804
562.97803
562.97802
562.97808
562.97809
562.9781
562.97807
562.97814
562.97815
562.97811
562.97812
562.97817
562.97813
562.97816
562.97818
562.97821
562.9782
562.97819
562.97824
562.97827
562.97822
562.97825
562.97826
562.97828
562.97823
562.9783
562.97829
562.97834
562.97832
562.9784
562.97833
562.97831
562.97839
562.97837
562.97836
562.97838
562.97835
562.97841
562.97842
562.97843
562.97846
562.9785
562.97849
562.97853
562.97845
562.97847
562.97844
562.97854
562.97852
562.97856
562.97851
562.97855
562.97859
562.9786
562.97863
562.97861
562.97862
562.97857
562.97858
562.97867
562.97864
562.97865
562.97866
562.97868
562.9787
562.97869
562.97873
562.97874
562.97876
562.97872
562.97871
562.9788
562.97877
562.97878
562.97879
562.97881
562.97875
562.97883
562.97888
562.97886
562.97882
562.97884
562.97891
562.9789
562.97887
562.97885
562.97892
562.97889
562.97893
562.97896
562.97897
562.97898
562.97895
562.97903
562.97899
562.97894
562.97902
562.97901
562.97904
562.97905
562.97911
562.97907
562.9791
562.97906
562.97908
562.97912
562.97914
562.97909
562.97913
562.97915
562.9792
562.97916
562.97922
562.97917
562.97918
562.97919
562.97921
562.97923
562.97925
562.97924
562.97927
562.97929
562.9793
562.97928
562.97926
562.97932
562.97931
562.97933
562.97935
562.97934
562.97936
562.97937
562.97949
562.97947
562.97955
562.97956
562.9796
562.97954
562.97959
562.97957
562.97958
562.97961
562.97964
562.97963
562.97962
562.97967
562.97965
562.97968
562.97973
562.97969
562.97972
562.97974
562.97975
562.98002
562.97976
562.97983
562.98074
562.9803
562.98042
562.97995
562.98052
562.98068
562.98037
562.98083
562.98061
562.98082
562.98103
562.98111
562.98112
562.98116
562.9815
562.98121
562.98145
562.98088
562.98124
562.9814
562.98162
562.9817
562.98157
562.98165
562.98191
562.98171
562.98201
562.98168
562.98174
562.98205
562.98194
562.98203
562.98222
562.98216
562.98237
562.98225
562.98238
562.9825
562.98333
562.9829
562.98256
562.98284
562.98258
562.98251
562.98338
562.98297
562.98337
562.98339
562.98349
562.98343
562.98377
562.98424
562.98379
562.98387
562.98374
562.98391
562.98406
562.9843
562.98435
562.98433
562.98475
562.98452
562.98482
562.98501
562.98517
562.98493
562.98523
562.9854
562.98529
562.98496
562.98531
562.98548
562.98561
562.98583
562.98631
562.98562
562.98604
562.98591
562.98603
562.98623
562.98626
562.98601
562.98632
562.98636
562.98669
562.9867
562.98643
562.98714
562.98715
562.98717
562.98694
562.98725
562.98727
562.98737
562.9874
562.98745
562.98747
562.9876
562.98775
562.98781
562.98794
562.98795
562.98791
562.98826
562.98846
562.98829
562.98838
562.98853
562.98858
562.98862
562.98903
562.98876
562.98912
562.98864
562.98917
562.9894
562.9895
562.98878
562.98942
562.9899
562.98933
562.98954
562.98979
562.9904
562.99005
562.98994
562.99022
562.99024
562.99075
562.99119
562.99093
562.99101
562.99045
562.99131
562.99138
562.99144
562.99125
562.99155
562.99157
562.99167
562.99173
562.99176
562.99185
562.99192
562.9909
562.9912
562.99216
562.99189
562.99215
562.99218
562.9928
562.99266
562.99261
562.99301
562.99293
562.99278
562.99273
562.99307
562.99316
562.99318
562.99303
562.99321
562.99329
562.99345
562.9937
562.99353
562.99407
562.99403
562.99382
562.9943
562.99392
562.99417
562.99395
562.99396
562.99423
562.9945
562.99433
562.99468
562.9949
562.99448
562.99459
562.99485
562.99496
562.99494
562.99528
562.99522
562.99492
562.99537
562.99599
562.99557
562.99568
562.99541
562.99601
562.9957
562.99587
562.99623
562.99602
562.99634
562.99625
562.99637
562.99646
562.99651
562.99643
562.9969
562.99669
562.99691
562.99723
562.99705
562.99702
562.99688
562.99731
562.9971
562.99664
562.99733
562.99739
562.99768
562.99772
562.99757
562.99783
562.99806
562.99784
562.99792
562.99812
562.99809
562.99813
562.99818
562.9982
562.99876
562.99851
562.99864
562.9989
562.99921
562.99939
562.99926
562.99889
562.99883
562.99923
562.99911
562.9996
562.99949
562.99979
562.99996
562.99982
