562.100016
562.100022
562.100005
562.100015
562.100003
562.100028
562.100006
562.100019
1328434.3
562.10005
1438684.3
562.100001
562.100039
562.100042
562.100052
562.100069
562.100067
562.100057
562.100077
562.100073
562.100071
562.100092
562.10013
562.100104
562.100114
562.100103
562.100096
562.100132
562.100131
562.100133
562.100144
562.100149
562.100151
562.100164
562.100134
562.100204
562.100188
562.100203
562.100206
562.100212
562.100213
562.100209
562.100233
562.100234
562.100243
562.100248
562.100253
562.100245
562.100251
562.100279
562.100285
562.100297
562.10031
562.100316
562.100354
562.100336
562.100346
1328433.3
562.100375
562.100373
562.100366
562.100381
562.100411
562.100412
562.100404
562.100391
562.100402
562.10007
562.10044
562.10009
562.100406
562.100415
562.100443
562.100413
562.100452
562.100456
562.10048
562.100478
562.100459
562.100463
562.100476
562.100483
562.100498
562.100497
562.100502
562.100521
562.100545
562.10059
562.100555
562.100579
562.100619
562.100551
562.100621
562.100617
562.100662
562.100663
562.100625
562.100674
562.100679
562.10068
562.100681
562.100631
562.100687
562.100691
562.10074
562.100716
562.10072
562.100736
562.100742
562.100732
562.100729
562.100748
562.100712
562.100765
562.100782
562.100801
562.100829
562.100852
562.100815
562.100805
562.100823
562.100899
562.100897
562.100906
562.100881
562.100952
562.129397
562.100932
562.100965
562.144156
562.144164
562.100941
562.144167
562.144175
562.144212
562.144239
562.144249
562.144238
562.144256
562.10083
562.144242
562.144229
562.144271
562.144267
562.144302
562.144296
562.144948
562.144316
562.144311
562.144951
562.144327
562.144313
562.144308
562.12961
562.144952
562.144959
562.144973
562.144955
562.144974
562.144978
562.145015
562.145002
562.145025
562.145037
562.145057
562.145008
562.145427
562.145429
562.145467
562.145461
562.145488
562.145465
562.145471
562.145495
562.145509
562.145514
562.145532
562.145543
562.145569
562.145573
562.145558
562.145555
562.145544
562.145576
562.145601
562.145592
562.145624
562.145589
562.145588
562.145656
562.145616
562.145659
562.145662
562.145678
562.145686
562.145524
562.145713
562.145692
562.145691
562.145695
562.145729
562.145705
562.145737
562.145731
562.145733
562.145746
562.145749
562.145752
562.145775
562.145784
562.145766
562.145802
562.145808
562.145805
562.145812
562.145814
562.146224
562.146223
562.146237
562.146199
562.146232
562.146209
562.146268
562.146254
562.146321
562.146318
562.146249
562.146336
562.146333
562.146362
562.146398
562.146429
562.146399
562.146431
562.146434
562.146433
562.146439
562.146442
562.146443
562.146445
562.146446
562.146471
562.146454
562.146473
562.146487
562.146447
562.146505
562.146507
562.146547
562.146552
562.146553
562.146563
562.146569
562.146575
562.146335
562.146583
562.146599
562.146639
562.146636
562.146647
562.146652
562.146178
562.146676
562.146677
562.146621
562.146681
562.146694
562.146332
562.146635
562.146721
562.146732
562.146744
562.146742
562.146754
562.146756
562.146767
562.146775
562.146513
562.146798
562.146188
562.146794
562.146799
562.146813
562.146705
562.146812
562.146806
562.147773
562.147777
562.146866
562.147802
562.147796
562.147788
562.147809
562.147818
562.147845
562.147855
562.146707
562.147858
562.147857
562.147861
562.146486
562.146736
562.147879
562.146522
562.147916
562.147881
562.147885
562.147926
562.147933
562.148002
562.147996
562.147826
562.147824
562.147829
562.147827
562.148118
562.147839
562.148121
562.146853
562.148174
562.148186
562.148192
562.148203
562.148223
562.148067
562.148225
562.148257
562.148268
562.148064
562.148025
562.148164
562.148304
562.148305
562.148038
562.148309
562.147961
562.149253
562.148136
562.148147
562.149252
562.148152
562.148154
562.149266
562.149289
562.149312
562.149313
562.149314
562.149316
562.149337
562.149357
562.149363
562.148276
562.148291
562.148272
562.149387
562.149417
562.149422
562.149424
562.149272
562.149433
562.149755
562.148267
562.149277
562.149756
562.149275
562.149803
562.149784
562.149268
562.149762
562.149825
562.149824
562.149767
562.149817
562.149852
562.149858
562.149837
562.149838
562.149832
562.149861
562.149865
562.149878
562.149869
562.149904
562.149916
562.149293
562.149946
562.148271
562.149917
562.149974
562.149747
562.15124
562.15137
562.15159
562.15164
562.15162
562.15166
562.15189
562.15115
562.152584
562.152589
562.152602
562.152609
562.149954
562.152639
562.152643
562.149985
562.149958
562.150009
562.149989
562.149971
562.149981
562.152636
562.152699
562.152706
562.152712
562.152719
562.152722
562.152729
562.152567
562.152732
562.152733
562.152739
562.152737
562.152744
562.152742
562.152754
562.152755
562.152762
562.152764
562.152772
562.152776
562.152656
562.152782
562.152569
562.152791
562.152815
562.152662
562.152684
562.152817
562.152822
562.152892
562.152845
562.152868
562.152915
562.152906
562.152936
562.152932
562.152933
562.152954
562.152952
562.152958
562.152964
562.152962
562.16225
562.15304
562.16238
562.16231
562.16232
562.15463
562.152652
562.16243
562.16248
562.16259
562.152663
562.16261
562.16269
562.16288
562.16348
562.16299
562.16293
562.152664
562.16318
562.16371
562.16313
562.16373
562.16388
562.16378
562.16404
562.16436
562.16412
562.16439
562.16449
562.16454
562.16455
562.16364
562.16462
562.16474
562.16468
562.17287
562.16363
562.17293
562.17294
562.17279
562.152683
562.17295
562.16356
562.17298
562.17318
562.17315
562.17307
562.16366
562.16459
562.17384
562.17385
562.17402
562.17374
562.17405
562.17396
562.17408
562.17441
562.17422
562.16481
562.17464
562.17442
562.17478
562.17472
562.17499
562.17501
562.17565
562.17507
562.17599
562.17526
562.17546
562.17616
562.17609
562.17626
562.17629
562.17646
562.17644
562.17453
562.17628
562.17648
562.16486
562.17651
562.17649
562.17665
562.17663
562.17724
562.17669
562.17706
562.17725
562.17718
562.18682
562.17367
562.17748
562.18685
562.18698
562.18722
562.18734
562.18749
562.18755
562.18763
562.18795
562.18801
562.18812
562.18804
562.18807
562.18819
562.18813
562.18822
562.18827
562.18838
562.18828
562.18854
562.18856
562.18842
562.18862
562.18883
562.18867
562.17357
562.18905
562.18926
562.18945
562.18944
562.18964
562.18968
562.18966
562.18974
562.18979
562.18982
562.18987
562.18985
562.19012
562.19092
562.19095
562.19063
562.19017
562.19096
562.17358
562.19025
562.19051
562.19024
562.19099
562.19112
562.17736
562.19107
562.19015
562.19136
562.19126
562.19145
562.19029
562.19151
562.19153
562.19148
562.19191
562.19159
562.19199
562.19212
562.19222
562.19223
562.19046
562.19272
562.19254
562.19273
562.19283
562.19295
562.19262
562.19317
562.19315
562.19128
562.19319
562.19332
562.22457
562.22447
562.22465
562.22468
562.22478
562.22481
562.22482
562.22483
562.22492
562.22501
562.22502
562.22511
562.22508
562.22534
562.22514
562.22536
562.19349
562.19327
562.22538
562.22556
562.22557
562.22569
562.22558
562.22593
562.22619
562.22622
562.22644
562.22637
562.22655
562.22664
562.22747
562.22685
562.22752
562.22749
562.22697
562.22756
562.22768
562.22762
562.22796
562.22799
562.22825
562.22912
562.22915
562.22935
562.22804
562.22932
562.22939
562.22945
562.22964
562.23006
562.22968
562.22991
562.19123
562.23017
562.22987
562.23003
562.23015
562.23022
562.23028
562.19632
562.23043
562.23067
562.23061
562.23037
562.23072
562.2306
562.23101
562.23085
562.23089
562.2309
562.23107
562.23119
562.23139
562.23163
562.23173
562.23195
562.23205
562.23184
562.23212
562.23242
562.23213
562.23226
562.23244
562.23282
562.23279
562.23299
562.23269
562.23292
562.23352
562.23357
562.23311
562.23359
562.23362
562.23363
562.23389
562.23374
562.23393
562.23402
562.23382
562.23412
562.23419
562.23415
562.23414
562.23443
562.23426
562.23422
562.23439
562.23483
562.23471
562.23481
562.23491
562.23535
562.23487
562.23551
562.23553
562.23559
562.23568
562.23563
562.23614
562.23591
562.23598
562.23615
562.23625
562.23617
562.23579
562.23626
562.23635
562.23627
562.23643
562.23672
562.23679
562.23696
562.23721
562.23698
562.23689
562.23717
562.23731
562.23735
562.23739
562.23741
562.23781
562.23752
562.23775
562.23785
562.23767
562.23798
562.23805
562.23819
562.23811
562.23809
562.23817
562.23837
562.23842
562.23855
562.23834
562.23871
562.23893
562.23874
562.23902
562.23905
562.23911
562.23918
562.23926
562.23931
562.23933
562.42635
562.42761
562.42834
562.42851
562.42839
562.56763
562.42858
562.56791
562.56796
562.56797
562.56803
562.56799
562.56804
562.56814
562.56828
562.56827
562.56829
562.56881
562.56882
562.56846
562.56835
562.56886
562.56887
562.56831
562.56891
562.57108
562.57099
562.57168
562.57149
562.57158
562.57113
562.28435
562.57169
562.57184
562.57177
562.57209
562.57181
562.57208
562.28566
562.57229
562.57236
562.57234
562.57246
562.57275
562.57256
562.57253
562.57299
562.57289
562.57286
562.57313
562.57307
562.57412
562.57375
562.57399
562.57425
562.57415
562.57323
562.57451
562.57487
562.57488
562.57477
562.57464
562.58705
562.57504
562.58719
562.58751
562.58752
562.58736
562.58717
562.58768
562.58772
562.96426
562.58784
562.65812
562.65796
562.96433
562.53932
562.96442
562.96447
562.96451
562.96483
562.96475
562.96459
562.96469
562.96503
562.96473
562.96491
562.96493
562.28131
562.96519
562.96526
562.96546
562.96569
562.96549
562.96579
562.96591
562.96553
562.96597
562.96608
562.96635
562.96637
562.96652
562.96667
562.5744
562.96662
562.96666
562.96687
562.29006
562.5741
562.96705
562.96724
562.96707
562.96708
562.96748
562.96731
562.96741
562.96765
562.96755
562.96817
562.96799
562.96818
562.96782
562.96841
562.96801
562.96768
562.96803
562.96853
562.96848
562.96864
562.96861
562.96885
562.96871
562.96866
562.96868
562.96915
562.96899
562.96886
562.96902
562.96918
562.96914
562.96947
562.96927
562.96962
562.96928
562.96926
562.96938
562.96963
562.96975
562.96976
562.96981
562.97008
562.97018
562.96983
562.97032
562.97051
562.97023
562.97066
562.97069
562.97061
562.97071
562.97077
562.97098
562.97156
562.97193
562.97184
562.97203
562.97181
562.97187
562.97113
562.97206
562.97224
562.97225
562.97236
562.97217
562.97256
562.97253
562.97268
562.97269
562.97274
562.97277
562.97278
562.97292
562.97316
562.97296
562.97344
562.97299
562.97305
562.9734
562.97336
562.97306
562.97337
562.97355
562.97366
562.97367
562.97371
562.97354
562.97374
562.97365
562.9738
562.97408
562.97409
562.97396
562.97421
562.97391
562.97393
562.97442
562.97443
562.97427
562.97435
562.97437
562.97456
562.97469
562.97464
562.97488
562.9746
562.97487
562.97474
562.9798
562.97966
562.97977
562.97942
562.97506
562.98004
562.97982
562.97998
562.98019
562.98031
562.97989
562.98032
562.98045
562.98041
562.98034
562.98093
562.98108
562.98064
562.98048
562.98084
562.98076
562.98085
562.9811
562.98105
562.98122
562.98113
562.98138
562.98164
562.98151
562.98127
562.98196
562.98209
562.98158
562.98198
562.98152
562.98172
562.98189
562.9824
562.98236
562.98273
562.98294
562.98279
562.98322
562.98291
562.98295
562.98254
562.98299
562.98324
562.98319
562.98332
562.98326
562.98336
562.98334
562.9834
562.98384
562.9837
562.9835
562.98368
562.98355
562.98378
562.98417
562.98393
562.98388
562.98441
562.98426
562.98472
562.9848
562.98448
562.98439
562.98461
562.98425
562.98494
562.98497
562.98506
562.98528
562.98511
562.98546
562.98538
562.98577
562.98579
562.98563
562.98568
562.98578
562.98585
562.9863
562.9865
562.98599
562.98644
562.98629
562.98586
562.98621
562.98664
562.98654
562.98678
562.9869
562.98679
562.98658
562.98723
562.98706
562.98743
562.98731
562.98705
562.98776
562.9877
562.98734
562.98762
562.98746
562.98761
562.98777
562.98792
562.98786
562.98824
562.98823
562.98802
562.98819
562.98832
562.98813
562.9884
562.98839
562.98854
562.9883
562.98841
562.98871
562.9886
562.98882
562.98886
562.98868
562.9888
562.98877
562.98869
562.98892
562.98911
562.98909
562.98941
562.9893
562.98913
562.98959
562.98919
562.98953
562.98982
562.98958
562.98981
562.98978
562.98987
562.98998
562.99002
562.99003
562.99009
562.99013
562.99016
562.99037
562.99023
562.99048
562.99017
562.99029
562.99055
562.99053
562.99058
562.9908
562.99078
562.99088
562.99056
562.99073
562.99098
562.99106
562.99122
562.99114
562.9914
562.99123
562.99124
562.99126
562.99143
562.99179
562.99201
562.99145
562.99181
562.99214
562.9906
562.99184
562.99234
562.99226
562.99221
562.99236
562.99228
562.99251
562.99242
562.99249
562.99265
562.99313
562.99263
562.99299
562.99277
562.99294
562.9932
562.99326
562.99354
562.99351
562.99379
562.99334
562.99381
562.99355
562.9939
562.99372
562.99364
562.99397
562.99387
562.99393
562.99427
562.99405
562.99398
562.99408
562.99418
562.99463
562.99422
562.99442
562.99414
562.99466
562.99429
562.99464
562.99519
562.99499
562.99514
562.99525
562.99517
562.99539
562.99563
562.9956
562.99555
562.99529
562.99554
562.99538
562.99573
562.99575
562.99572
562.99564
562.99578
562.99589
562.9962
562.99615
562.99588
562.99611
562.99632
562.99628
562.99678
562.99645
562.99658
562.99694
562.99726
562.99754
562.99762
562.99765
562.99766
562.99779
562.99781
562.99738
562.99796
562.99819
562.9984
562.9987
562.99801
562.99835
562.99867
562.99848
562.99847
562.99878
562.99875
562.99884
562.99907
562.99896
562.99931
562.99925
562.9993
562.99908
562.99913
562.99944
562.99935
562.99951
562.99937
562.99961
562.99969
562.99984
562.99987
562.99993
