562.100065
562.100009
562.100075
562.10001
562.100081
562.100066
562.100074
562.100088
562.100023
562.100032
562.100062
562.100047
562.10011
562.100115
562.100129
562.100089
562.100123
562.100143
562.100163
562.100162
562.100142
562.100176
562.100175
562.100182
562.10021
562.10022
562.100195
562.100242
562.100263
562.100265
562.100255
562.100237
562.100278
562.100283
562.100292
562.10033
562.100298
562.100323
562.100301
562.100345
562.100331
562.100333
562.100356
562.100355
562.10038
562.100364
562.100393
562.100377
562.100387
562.100383
562.100398
562.10042
562.100433
562.100429
562.100453
562.100426
562.100445
562.100455
562.100458
562.100494
562.100475
562.100482
562.100493
562.100477
562.100516
562.100561
562.100529
562.100527
562.100616
562.100563
562.100611
562.100571
562.100578
562.100581
562.100609
562.100599
562.100646
562.100639
562.100658
562.100672
562.100682
562.100694
562.100708
562.100713
562.100709
562.100717
562.10076
562.100743
562.100762
562.100749
562.100772
562.100768
562.100757
562.100773
562.100836
562.100913
562.100904
562.100835
562.100798
562.100891
562.100926
562.100959
562.100931
562.100936
562.144155
562.144165
562.144154
562.144234
562.144226
562.144214
562.144235
562.144188
562.12962
562.144244
562.144251
562.144255
562.144262
562.144279
562.144291
562.144275
562.144295
562.144278
562.144307
562.144334
562.144949
562.144303
562.144953
562.144957
562.144335
562.144958
562.144956
562.144963
562.144966
562.144962
562.144999
562.145023
562.144996
562.145017
562.145029
562.145031
562.145045
562.145032
562.145049
562.145056
562.145036
562.145048
562.145422
562.145426
562.12959
562.145452
562.145482
562.145504
562.145453
562.145474
562.114672
562.145505
562.145507
562.145547
562.145559
562.145567
562.145563
562.145593
562.145058
562.145583
562.145596
562.145597
562.145644
562.145621
562.145634
562.145607
562.145637
562.114631
562.145642
562.145652
562.145655
562.145649
562.145701
562.145665
562.145709
562.145703
562.145716
562.145715
562.145738
562.145739
562.145728
562.145763
562.145727
562.145732
562.145767
562.145771
562.145769
562.145788
562.145792
562.145774
562.145801
562.145794
562.145798
562.146197
562.146218
562.146193
562.146236
562.146264
562.146251
562.146282
562.146269
562.146171
562.146165
562.146294
562.146293
562.146295
562.146306
562.146314
562.146325
562.146322
562.146326
562.146353
562.146358
562.146338
562.146343
562.146368
562.146404
562.146394
562.146405
562.146438
562.146417
562.146211
562.146448
562.146474
562.146451
562.146457
562.146305
562.146488
562.146187
562.146526
562.146497
562.146301
562.146509
562.146533
562.146538
562.146212
562.146549
562.146571
562.146615
562.146588
562.146592
562.146559
562.146176
562.146665
562.146672
562.146307
562.146678
562.146656
562.146668
562.146339
562.146718
562.146713
562.146751
562.146758
562.146638
562.146778
562.146777
562.146785
562.146791
562.146779
562.146824
562.146831
562.146818
562.146849
562.147772
562.147793
562.147803
562.147808
562.147819
562.146393
562.146704
562.147842
562.146695
562.147856
562.147864
562.146699
562.146698
562.147873
562.147872
562.147875
562.147874
562.147884
562.147892
562.147914
562.147915
562.146729
562.147947
562.147904
562.147927
562.148021
562.147956
562.148085
562.148093
562.147995
562.148096
562.147953
562.147841
562.147837
562.146854
562.148182
562.148176
562.146708
562.148217
562.148218
562.148221
562.148232
562.147983
562.148241
562.148235
562.148242
562.148246
562.148202
562.148248
562.148123
562.148315
562.148142
562.148047
562.148324
562.148319
562.148144
562.148126
562.148156
562.148169
562.149292
562.149304
562.149305
562.149326
562.149345
562.149358
562.148266
562.149359
562.148278
562.149365
562.148263
562.149284
562.149281
562.149372
562.149269
562.148286
562.148265
562.149384
562.149385
562.149428
562.149418
562.149399
562.149757
562.149779
562.149823
562.149768
562.149844
562.149334
562.149814
562.149295
562.149846
562.149859
562.149863
562.149868
562.149896
562.149282
562.149898
562.149909
562.149899
562.149901
562.149913
562.149915
562.149752
562.149749
562.149791
562.149788
562.149925
562.149933
562.149952
562.149918
562.149919
562.149934
562.149929
562.149943
562.149939
562.15118
562.15127
562.15131
562.15128
562.15147
562.15153
562.15163
562.15173
562.149947
562.15185
562.15188
562.152576
562.149962
562.149963
562.152606
562.152607
562.152621
562.152624
562.152642
562.152627
562.149969
562.152645
562.152673
562.150005
562.149979
562.150006
562.152701
562.152704
562.152707
562.152717
562.152718
562.15193
562.149994
562.152721
562.15203
562.152761
562.152753
562.152773
562.152655
562.152659
562.152777
562.152778
562.152783
562.152785
562.152804
562.152813
562.152816
562.152827
562.152824
562.152819
562.152833
562.152835
562.152681
562.152856
562.152878
562.152866
562.152858
562.152884
562.152903
562.152897
562.152908
562.152907
562.152926
562.152914
562.152944
562.152767
562.152665
562.152948
562.152669
562.16227
562.16246
562.16263
562.16262
562.16244
562.16275
562.16284
562.16289
562.16344
562.16352
562.16302
562.16377
562.16386
562.16393
562.152676
562.16396
562.16395
562.152692
562.16394
562.16397
562.16415
562.16405
562.16424
562.16442
562.16448
562.16441
562.16438
562.16457
562.16464
562.16359
562.17317
562.16469
562.17292
562.17336
562.16358
562.17347
562.16365
562.17373
562.17386
562.17379
562.17375
562.17395
562.17426
562.17428
562.17491
562.17481
562.17431
562.17486
562.17502
562.17514
562.17519
562.17541
562.17551
562.16329
562.17547
562.17558
562.16478
562.17542
562.17589
562.17571
562.152965
562.17591
562.17611
562.17606
562.17612
562.17608
562.17659
562.17672
562.17658
562.17692
562.17664
562.17684
562.17701
562.17639
562.17709
562.17699
562.17751
562.18663
562.18724
562.18668
562.18705
562.18686
562.18727
562.18732
562.18731
562.18736
562.18729
562.18739
562.18751
562.18746
562.18768
562.18805
562.18766
562.18767
562.18794
562.17366
562.18833
562.18817
562.18834
562.18858
562.18852
562.18877
562.18901
562.18928
562.18913
562.18911
562.18918
562.18927
562.18941
562.18949
562.19097
562.19103
562.19108
562.19041
562.19115
562.19124
562.19073
562.19047
562.19069
562.19067
562.19138
562.19031
562.19142
562.19161
562.19169
562.19196
562.19152
562.19215
562.19216
562.19035
562.19226
562.19228
562.19077
562.19236
562.19241
562.19239
562.19247
562.19119
562.19242
562.19293
562.19294
562.19299
562.19268
562.19328
562.19308
562.19011
562.19342
562.19318
562.19364
562.19339
562.19369
562.22458
562.19255
562.22435
562.22445
562.22495
562.22493
562.22507
562.22497
562.22506
562.22531
562.22542
562.22535
562.22539
562.22537
562.22543
562.22577
562.22594
562.22601
562.22592
562.22589
562.22659
562.22624
562.22642
562.22673
562.22667
562.22674
562.22704
562.22684
562.22699
562.22709
562.22734
562.22741
562.22761
562.22759
562.22772
562.22767
562.2282
562.22802
562.22784
562.22822
562.22877
562.22878
562.22823
562.19203
562.22879
562.2293
562.22922
562.22926
562.2297
562.22957
562.22976
562.22984
562.22989
562.19821
562.23009
562.22979
562.2307
562.22993
562.23041
562.23007
562.23052
562.2308
562.23079
562.23114
562.23134
562.23138
562.23108
562.23153
562.23158
562.23121
562.23159
562.23189
562.23179
562.23256
562.23211
562.23296
562.23298
562.23285
562.23332
562.23366
562.23333
562.23307
562.23432
562.23343
562.23349
562.23441
562.23468
562.23472
562.23473
562.23478
562.23479
562.23485
562.23524
562.23523
562.23526
562.23508
562.23543
562.23533
562.23558
562.23573
562.23575
562.23561
562.23584
562.23585
562.23638
562.23657
562.23654
562.23667
562.23671
562.23684
562.23678
562.23686
562.23687
562.23694
562.23691
562.23725
562.23734
562.23727
562.23782
562.23733
562.23761
562.23764
562.23814
562.23835
562.23839
562.23859
562.23848
562.23857
562.23853
562.23889
562.23912
562.23875
562.23891
562.23934
562.42686
562.42835
562.42821
562.42832
562.42833
562.42848
562.42862
562.56768
562.42857
562.56795
562.56774
562.42867
562.56809
562.56812
562.56833
562.56836
562.56843
562.56849
562.56851
562.56862
562.56864
562.56878
562.56895
562.56903
562.56888
562.56904
562.56906
562.5691
562.57076
562.56908
562.28132
562.57082
562.57109
562.57078
562.57088
562.57116
562.34088
562.57111
562.57112
562.28565
562.57119
562.57128
562.57126
562.57123
562.57143
562.57133
562.57151
562.57187
562.56826
562.57164
562.57189
562.57211
562.57221
562.57225
562.57255
562.57276
562.57291
562.57269
562.57298
562.57383
562.57402
562.57316
562.57379
562.57418
562.57401
562.57428
562.57309
562.57441
562.57456
562.57484
562.57473
562.57474
562.57491
562.57501
562.57475
562.57494
562.58707
562.58731
562.30349
562.58739
562.58749
562.58745
562.58741
562.58769
562.58754
562.58771
562.58782
562.58783
562.65781
562.65783
562.65799
562.65807
562.96439
562.65805
562.96429
562.96423
562.96492
562.96454
562.96501
562.96498
562.96512
562.96518
562.96537
562.96504
562.96571
562.96557
562.96575
562.96566
562.65782
562.96592
562.96603
562.96605
562.96619
562.96615
562.96624
562.28563
562.96594
562.96625
562.96636
562.96628
562.96659
562.96644
562.5746
562.96677
562.96658
562.96673
562.96693
562.96686
562.96699
562.96695
562.96717
562.96702
562.96706
562.96728
562.96734
562.96729
562.96742
562.96747
562.96743
562.96757
562.96783
562.96779
562.96791
562.96764
562.96789
562.96795
562.96813
562.96822
562.96808
562.96844
562.96847
562.96846
562.96826
562.96872
562.96862
562.96849
562.96882
562.96905
562.96916
562.96945
562.96951
562.96964
562.96954
562.96931
562.96919
562.97024
562.97005
562.96958
562.97026
562.97016
562.97056
562.97055
562.97039
562.97064
562.97062
562.97059
562.97068
562.97106
562.97103
562.97108
562.97115
562.97086
562.97131
562.97135
562.97129
562.97164
562.97218
562.97199
562.97146
562.97188
562.97223
562.97186
562.97178
562.97205
562.97233
562.97248
562.97257
562.97275
562.97345
562.97343
562.97283
562.97328
562.97334
562.97331
562.97346
562.97347
562.9736
562.97386
562.97379
562.97372
562.97363
562.97362
562.97407
562.97373
562.97406
562.97411
562.97376
562.97414
562.97431
562.97428
562.97424
562.97417
562.97436
562.97451
562.97453
562.97465
562.97501
562.97499
562.97475
562.97507
562.97953
562.97992
562.97988
562.98006
562.98008
562.98027
562.98016
562.98051
562.98038
562.98063
562.98046
562.98073
562.98056
562.98101
562.98071
562.98114
562.98117
562.98118
562.9816
562.98185
562.98147
562.98125
562.98132
562.98193
562.98155
562.98167
562.98202
562.98221
562.98262
562.98211
562.98277
562.98243
562.98269
562.98283
562.98292
562.98267
562.98296
562.98303
562.98302
562.98308
562.98323
562.98309
562.98311
562.98344
562.98314
562.98328
562.98315
562.98331
562.98327
562.98365
562.98366
562.98389
562.98386
562.98405
562.9839
562.98346
562.98375
562.9841
562.98411
562.98423
562.98436
562.98447
562.98437
562.98449
562.9845
562.98451
562.98453
562.98526
562.98476
562.98483
562.98484
562.98508
562.98473
562.98552
562.98566
562.98556
562.9859
562.98592
562.98581
562.98584
562.98595
562.98615
562.98608
562.98616
562.98619
562.98613
562.98627
562.98641
562.98661
562.98666
562.98642
562.98674
562.98681
562.98668
562.98689
562.98712
562.98708
562.98728
562.98735
562.98739
562.9861
562.98718
562.98738
562.98754
562.98742
562.98758
562.98759
562.9879
562.98785
562.98814
562.98763
562.98811
562.98806
562.98796
562.98855
562.98847
562.98852
562.98857
562.98883
562.98935
562.98891
562.98916
562.98904
562.98925
562.98951
562.98923
562.98908
562.98944
562.98946
562.98957
562.98955
562.98968
562.98999
562.99004
562.99063
562.98997
562.99007
562.98989
562.99091
562.99071
562.99097
562.99113
562.99129
562.99102
562.99147
562.99153
562.99134
562.99152
562.9896
562.99241
562.99231
562.99232
562.99219
562.99262
562.99267
562.99205
562.99258
562.99264
562.99272
562.99295
562.99292
562.99275
562.99284
562.99306
562.99302
562.99341
562.99339
562.99338
562.99324
562.99344
562.99394
562.99347
562.99391
562.99411
562.99388
562.99435
562.9947
562.99451
562.99478
562.99438
562.99449
562.99458
562.99504
562.99516
562.99508
562.99507
562.99521
562.99512
562.9953
562.99524
562.99527
562.99553
562.99523
562.99577
562.99584
562.99595
562.99585
562.99607
562.99586
562.99598
562.99627
562.99608
562.99642
562.99652
562.99638
562.9967
562.99662
562.99679
562.9968
562.99682
562.99674
562.99763
562.99745
562.99684
562.99771
562.99696
562.99764
562.99798
562.99782
562.99774
562.99828
562.99839
562.99802
562.99856
562.99854
562.99859
562.99862
562.99886
562.99888
562.99905
562.99871
562.99898
562.99917
562.99912
562.99922
562.99927
562.99938
562.99942
562.99971
562.9997
562.9998
562.99978
562.99983
562.99998
